0 0.734498 0.293746 0.072161 0.079825
0 0.182633 1.016763 0.046737 0.086716
0 0.605692 0.547290 0.079265 0.078102
0 0.910414 0.973979 0.076274 0.076953
0 -0.013848 0.148167 0.077022 0.073508
0 0.212918 0.914254 0.023555 0.051685
0 0.578585 0.997812 0.048980 0.061448
0 0.884055 0.397346 0.031781 0.036869
0 0.948925 0.340550 0.023929 0.037902
0 0.708325 0.206456 0.027294 0.026991
0 0.915275 0.113710 0.019442 0.028714
0 0.793760 0.845341 0.042624 0.047091
0 0.861808 0.229427 0.012712 0.014357
0 0.815259 0.665017 0.038511 0.041348
0 0.687200 0.497615 0.033650 0.039625
0 0.832084 0.685692 0.037015 0.041348
0 0.544187 0.103660 0.032529 0.032734
0 0.788712 0.373284 0.055710 0.059725
0 0.874520 0.374145 0.027668 0.025843
0 0.890972 0.223972 0.015703 0.019525
0 0.914340 0.826390 0.028042 0.033308
0 0.616722 0.200139 0.037763 0.037328
0 0.578772 0.165969 0.018695 0.019525
0 0.901067 0.673345 0.068048 0.082122
0 -0.007678 0.886689 0.063188 0.045942
0 0.186746 0.871183 0.034024 0.042497
0 0.028215 0.959622 0.078891 0.056279
0 0.895832 0.279102 0.023929 0.082696
0 0.802546 0.601847 0.093099 0.072359
0 0.928922 0.797963 0.072909 0.079825
0 0.980332 0.206169 0.056084 0.106816
0 0.801985 0.813181 0.089734 0.073508
0 1.012861 0.617927 0.062066 0.099924
0 0.592419 0.135246 0.114037 0.148738
0 0.595597 0.363808 0.069544 0.063745
0 0.688322 0.468614 0.092725 0.078102
0 0.485486 0.195545 0.063188 0.077528
0 0.864799 0.315856 0.080013 0.050537
0 0.650372 0.166544 0.063936 0.048239
0 0.797312 0.062025 0.063188 0.086142