0 0.320914 0.985609 0.057945 0.053990
0 0.296988 0.829094 0.088600 0.121191
0 0.443907 0.276554 0.028038 0.012062
0 0.481852 0.936214 0.010468 0.009190
0 0.447085 0.202748 0.013458 0.017231
0 0.983360 0.932193 0.033272 0.036759
0 0.479048 0.463223 0.013084 0.022400
0 0.446524 0.312165 0.031776 0.063755
0 0.394373 0.476146 0.017197 0.022975
0 0.144274 0.991066 0.020187 0.013210
0 0.637557 0.751268 0.022057 0.026421
0 0.462412 0.942819 0.032898 0.020103
0 0.380728 0.752704 0.011589 0.016657
0 0.447459 0.351796 0.034393 0.020103
0 0.536620 0.929609 0.032524 0.014359
0 0.583911 0.936214 0.008225 0.012636
0 0.680549 0.254154 0.046730 0.060308
0 0.814010 0.411530 0.072151 0.079837
0 0.600920 0.210215 0.032524 0.041354
0 0.580172 0.166276 0.026917 0.049970
0 0.631015 0.451535 0.029384 0.036013
0 0.746625 0.404781 0.027627 0.030154
0 0.530451 0.962060 0.069534 0.065478
0 0.764289 0.794058 0.128975 0.112001
0 0.948593 0.815023 0.045982 0.044801