0 0.702146 0.618145 0.031014 0.041387
0 0.974547 0.372984 0.076601 0.132784
0 0.755393 0.675915 0.063523 0.054608
0 0.807706 0.801225 0.029893 0.030465
0 0.842083 0.686261 0.027651 0.048860
0 0.777252 0.751791 0.054181 0.062655
0 0.919058 0.282450 0.053060 0.036789
0 0.068000 0.968010 0.030865 0.030178
0 0.047038 0.979563 0.027203 0.030063
0 0.458703 0.174096 0.022420 0.027017
0 0.978844 0.297970 0.074733 0.044836
0 0.817981 0.446561 0.056423 0.084499
0 0.732226 0.233878 0.044840 0.052309
0 0.593596 0.232153 0.212241 0.177620
0 0.798364 0.367811 0.085195 0.118988
0 0.378366 0.134721 0.069502 0.071278
0 0.508588 0.514390 0.066139 0.099444
0 0.673934 0.357464 0.065018 0.079900
0 0.774076 0.130122 0.050818 0.062081
0 0.157456 0.968527 0.042373 0.046273
0 0.757261 0.569285 0.047082 0.054033
0 0.768284 0.614121 0.072864 0.082774
0 0.071532 1.002671 0.056087 0.069726
0 0.406017 0.183293 0.066512 0.064955