1 0.8125 0.465625 0.3421875 0.25
2 0.46484375 0.93359375 0.06875 0.0765625
2 0.3796875 0.759375 0.078125 0.09375
2 0.64453125 0.74609375 0.07421875 0.078125
2 0.08984375 0.43828125 0.059375 0.05390625
2 0.54609375 0.68515625 0.0734375 0.08359375
2 0.6140625 0.86796875 0.0796875 0.078125
2 0.03671875 0.04140625 0.07265625 0.0828125
2 0.0515625 0.9078125 0.103125 0.1
1 0.865625 0.653125 0.2015625 0.1625
2 0.671875 0.08984375 0.25234375 0.178125
1 0.40625 0.1921875 0.22109375 0.21171875
2 0.025 0.171875 0.05 0.084375
2 0.19765625 0.509375 0.10703125 0.1109375
1 0.578125 0.3671875 0.28203125 0.271875
2 0.0296875 0.29609375 0.059375 0.146875
1 0.36015625 0.4125 0.16171875 0.14296875
1 0.828125 0.8640625 0.2046875 0.15
2 0.79765625 0.178125 0.12890625 0.1625
1 0.23046875 0.13515625 0.20390625 0.228125
2 0.196875 0.91015625 0.0703125 0.084375
2 0.334375 0.9078125 0.0640625 0.0796875
2 0.90625 0.25859375 0.1875 0.178125