2 0.15 0.03671875 0.090625 0.0734375
2 0.0890625 0.24375 0.06640625 0.05078125
1 0.2859375 0.71875 0.0875 0.1859375
1 0.42734375 0.58515625 0.203125 0.0703125
2 0.578125 0.0390625 0.078125 0.078125
1 0.7125 0.6171875 0.0859375 0.1578125
1 0.35234375 0.25625 0.05 0.0828125
1 0.575 0.80546875 0.128125 0.17578125
2 0.1984375 0.25078125 0.0890625 0.0578125
2 0.21484375 0.16796875 0.08828125 0.06015625
1 0.34296875 0.38515625 0.046875 0.0390625
1 0.33046875 0.459375 0.046875 0.040625
1 0.35078125 0.03984375 0.04609375 0.07890625
1 0.8234375 0.840625 0.07265625 0.06875
1 0.3359375 0.421875 0.046875 0.0390625
2 0.51015625 0.14140625 0.0328125 0.025
1 0.6203125 0.0796875 0.0375 0.06171875
2 0.0234375 0.09609375 0.02734375 0.05078125
1 0.68125 0.1859375 0.04609375 0.0375
2 0.13359375 0.65 0.07421875 0.0796875
1 0.659375 0.13203125 0.11171875 0.0390625
1 0.47421875 0.18359375 0.0546875 0.046875
2 0.0296875 0.228125 0.05546875 0.059375
1 0.1328125 0.525 0.1109375 0.0796875
1 0.4421875 0.428125 0.06640625 0.071875
2 0.45859375 0.0625 0.0609375 0.05078125
1 0.7953125 0.22265625 0.0609375 0.0453125
2 0.375 0.13203125 0.053125 0.053125
1 0.66640625 0.89375 0.0921875 0.08984375
1 0.62265625 0.40546875 0.0796875 0.0609375
1 0.8 0.92734375 0.08984375 0.08984375
2 0.50625 0.34140625 0.0875 0.0546875
1 0.14765625 0.42890625 0.1890625 0.134375
1 0.75703125 0.375 0.04375 0.06640625
1 0.7703125 0.3296875 0.05078125 0.04296875
1 0.91796875 0.609375 0.0765625 0.071875
1 0.65234375 0.2828125 0.040625 0.0390625
2 0.88125 0.7609375 0.08203125 0.078125
1 0.9453125 0.52109375 0.0609375 0.0546875
1 0.35 0.35390625 0.0546875 0.0453125
1 0.7390625 0.44140625 0.06015625 0.071875
1 0.778125 0.29140625 0.040625 0.040625
1 0.7921875 0.265625 0.05078125 0.04296875
1 0.6359375 0.35703125 0.04296875 0.040625
1 0.45234375 0.23671875 0.08359375 0.075
1 0.64453125 0.321875 0.0609375 0.0453125
2 0.528125 0.4828125 0.0484375 0.0703125
1 0.67109375 0.25703125 0.040625 0.0390625
1 0.76328125 0.834375 0.05078125 0.0796875
1 0.6796875 0.2234375 0.040625 0.040625
1 0.89453125 0.3171875 0.11484375 0.10546875
1 0.96328125 0.3515625 0.0734375 0.1
1 0.26328125 0.94453125 0.16953125 0.11015625
1 0.49375 0.9703125 0.15234375 0.05859375
3 0.08359375 0.0265625 0.06015625 0.03203125
2 0.09375 0.1 0.03125 0.05234375
3 0.5765625 0.140625 0.034375 0.07265625
1 0.878125 0.54140625 0.06171875 0.06015625