4 0.40859375 0.7734375 0.60078125 0.453125
4 0.21796875 0.45703125 0.290625 0.21796875
2 0.77421875 0.50390625 0.10625 0.08203125
2 0.775 0.43828125 0.10625 0.10546875
1 0.2078125 0.27421875 0.3078125 0.2140625
1 0.2234375 0.075 0.08359375 0.15
1 0.36328125 0.07109375 0.10390625 0.1421875
1 0.11953125 0.1453125 0.1484375 0.10078125
1 0.07890625 0.04765625 0.1109375 0.0953125
1 0.56484375 0.1328125 0.07890625 0.11796875
1 0.6828125 0.2171875 0.05390625 0.1359375
1 0.7390625 0.3140625 0.153125 0.084375
1 0.9078125 0.409375 0.07578125 0.06953125
1 0.90234375 0.35390625 0.07265625 0.065625
1 0.9171875 0.10625 0.12109375 0.2125
1 0.9328125 0.65 0.134375 0.09765625
1 0.04375 0.66484375 0.0875 0.1421875
1 0.0328125 0.49296875 0.065625 0.17109375
3 0.7140625 0.5125 0.065625 0.05078125
3 0.97265625 0.05859375 0.0546875 0.0390625