2 0.38828125 0.7359375 0.10234375 0.096875
2 0.5671875 0.509375 0.1078125 0.0796875
2 0.3640625 0.9515625 0.0765625 0.08125
2 0.63984375 0.28046875 0.05390625 0.0671875
2 0.26484375 0.20703125 0.1046875 0.0828125
2 0.75625 0.0546875 0.184375 0.10859375
1 0.08828125 0.275 0.17578125 0.13359375
2 0.49140625 0.8765625 0.0859375 0.078125
2 0.64453125 0.8171875 0.05703125 0.0484375
2 0.73203125 0.27734375 0.0796875 0.08671875
2 0.5875 0.30234375 0.03984375 0.06015625
2 0.1484375 0.4953125 0.1015625 0.0875
2 0.6484375 0.3828125 0.021875 0.04296875
2 0.50859375 0.584375 0.103125 0.10625
2 0.8125 0.62734375 0.09453125 0.1
2 0.41015625 0.41328125 0.11875 0.103125
2 0.60625 0.63984375 0.090625 0.0921875