2 0.61796875 0.78515625 0.10546875 0.06640625
2 0.45390625 0.65703125 0.0921875 0.09765625
0 0.90390625 0.303125 0.1921875 0.10625
2 0.525 0.94296875 0.0703125 0.0859375
0 0.2234375 0.571875 0.0453125 0.146875
2 0.3515625 0.68359375 0.05 0.046875
2 0.65859375 0.86328125 0.10703125 0.0875
0 0.3390625 0.5984375 0.11171875 0.0875
0 0.23984375 0.290625 0.08828125 0.08125
2 0.534375 0.84375 0.0921875 0.0765625
0 0.41953125 0.48203125 0.0859375 0.0875
0 0.46171875 0.9140625 0.0953125 0.09296875
0 0.3890625 0.303125 0.178125 0.08515625
0 0.55546875 0.44609375 0.1859375 0.178125
0 0.1546875 0.59921875 0.08359375 0.13359375