2 0.5625 0.475 0.1578125 0.09453125
4 0.19921875 0.73515625 0.165625 0.16484375
4 0.0578125 0.75078125 0.115625 0.35
2 0.51953125 0.1171875 0.0546875 0.06953125
0 0.3484375 0.49609375 0.0453125 0.06875
0 0.4609375 0.1 0.0484375 0.0796875
0 0.6328125 0.31875 0.0640625 0.0703125
2 0.54296875 0.38984375 0.06953125 0.08984375
2 0.8359375 0.04609375 0.11484375 0.0921875
2 0.37421875 0.36796875 0.1109375 0.1078125
0 0.53203125 0.778125 0.290625 0.09375
2 0.646875 0.2015625 0.12890625 0.10234375
2 0.209375 0.89296875 0.0390625 0.04140625
2 0.34296875 0.9375 0.13125 0.115625
2 0.69921875 0.0984375 0.05859375 0.1265625
2 0.56171875 0.6 0.26171875 0.165625
0 0.703125 0.85078125 0.1046875 0.15
2 0.43671875 0.87890625 0.2046875 0.1421875