1 0.92265625 0.853125 0.1546875 0.1390625
1 0.41171875 0.078125 0.18203125 0.15625
2 0.2125 0.7296875 0.0734375 0.0875
2 0.39609375 0.625 0.07421875 0.078125
2 0.42578125 0.78984375 0.0765625 0.08203125
2 0.565625 0.5234375 0.09375 0.0953125
1 0.821875 0.715625 0.16015625 0.1390625
2 0.665625 0.63828125 0.06875 0.0703125
2 0.47109375 0.58046875 0.07421875 0.084375
2 0.02734375 0.85546875 0.053125 0.08984375
2 0.3390625 0.84453125 0.07421875 0.0796875
2 0.24921875 0.8921875 0.07578125 0.084375
2 0.01953125 0.73515625 0.0390625 0.0921875
2 0.1171875 0.8 0.075 0.0984375
2 0.3078125 0.68125 0.0734375 0.1046875
1 0.6828125 0.41875 0.1234375 0.1171875
1 0.3875 0.00078125 0.09375 0.0015625
1 0.23125 0.57265625 0.24609375 0.196875
1 0.5453125 0.353125 0.25390625 0.1890625
1 0.7671875 0.57890625 0.14375 0.12421875
1 0.0609375 0.54921875 0.121875 0.1296875
1 0.13046875 0.30390625 0.2609375 0.384375
1 0.9296875 0.309375 0.140625 0.15234375
1 0.4046875 0.28515625 0.18984375 0.1171875
1 0.11484375 0.95 0.15390625 0.1
1 0.65625 0.96015625 0.16953125 0.0796875
1 0.6109375 0.8328125 0.234375 0.16796875
3 0.33828125 0.66171875 0.065625 0.05625
1 0.8421875 0.23671875 0.11015625 0.10546875
2 0.9296875 0.15703125 0.08671875 0.0984375