1 0.3828125 0.34765625 0.16796875 0.1078125
1 0.61328125 0.103125 0.2890625 0.190625
1 0.2984375 0.0390625 0.259375 0.078125
1 0.440625 0.43125 0.07421875 0.0875
1 0.46171875 0.56171875 0.0859375 0.1953125
1 0.48359375 0.709375 0.0765625 0.12109375
1 0.59375 0.346875 0.171875 0.09140625
1 0.878125 0.3734375 0.09140625 0.13515625
1 0.74453125 0.35390625 0.14296875 0.07890625
1 0.40625 0.1734375 0.09765625 0.20703125
1 0.33125 0.23671875 0.0765625 0.08125
1 0.6296875 0.23046875 0.28828125 0.078125
1 0.87734375 0.13984375 0.14609375 0.0875
1 0.23359375 0.45234375 0.08203125 0.1234375
1 0.2734375 0.34375 0.05625 0.0921875
1 0.2546875 0.5984375 0.0921875 0.19375
1 0.184375 0.18203125 0.10078125 0.19296875
1 0.2109375 0.35078125 0.06875 0.103125
1 0.27734375 0.74609375 0.078125 0.12109375
1 0.790625 0.59921875 0.12578125 0.39375
1 0.9296875 0.7390625 0.0875 0.2265625
1 0.875 0.03515625 0.15 0.0703125
1 0.39921875 0.85234375 0.28515625 0.1875
1 0.1671875 0.05546875 0.1109375 0.10234375
1 0.8828125 0.228125 0.15 0.078125
1 0.96953125 0.1484375 0.0609375 0.0859375
1 0.9734375 0.2328125 0.053125 0.08203125
1 0.9578125 0.34296875 0.084375 0.0796875
1 0.55625 0.434375 0.0921875 0.1109375
1 0.575 0.559375 0.103125 0.18828125
1 0.5984375 0.6921875 0.084375 0.13984375
1 0.909375 0.54375 0.103125 0.19609375
1 0.66953125 0.878125 0.2140625 0.13828125
1 0.071875 0.4203125 0.14375 0.1984375
1 0.0265625 0.6140625 0.05234375 0.334375
1 0.1265625 0.859375 0.19609375 0.28125