1 0.521875 0.60625 0.1640625 0.19921875
1 0.7078125 0.546875 0.2328125 0.15625
1 0.0015625 0.0015625 0.00078125 0.00078125
1 0.00078125 0.0015625 0.00078125 0.00078125
1 0.1421875 0.515625 0.284375 0.328125
1 0.19140625 0.375 0.3828125 0.3109375
1 0.15703125 0.80234375 0.3140625 0.3953125
1 0.0109375 0.4953125 0.021875 0.20703125
1 0.29765625 0.55546875 0.1078125 0.13125
1 0.515625 0.03828125 0.146875 0.0765625
1 0.0015625 0.00078125 0.00078125 0.00078125
1 0.84453125 0.24765625 0.3109375 0.31796875
1 0.9140625 0.7140625 0.171875 0.21484375
1 0.66484375 0.778125 0.22578125 0.11328125
1 0.5671875 0.8921875 0.446875 0.21484375
1 0.91640625 0.9515625 0.16640625 0.09609375
1 0.11953125 0.86796875 0.2390625 0.2640625
3 0.93515625 0.79765625 0.05703125 0.096875