1 0.61953125 0.0921875 0.1609375 0.184375
1 0.6515625 0.42421875 0.234375 0.23125
1 0.4203125 0.3796875 0.146875 0.14375
1 0.3640625 0.56328125 0.1796875 0.17890625
1 0.5703125 0.59453125 0.146875 0.1125
1 0.90625 0.63671875 0.1875 0.13671875
1 0.9078125 0.46015625 0.184375 0.2171875
1 0.16171875 0.3546875 0.27734375 0.1234375
1 0.1515625 0.51171875 0.14921875 0.128125
1 0.09296875 0.640625 0.1859375 0.1796875
1 0.3375 0.73828125 0.24765625 0.1828125
1 0.17578125 0.89609375 0.16875 0.2078125
1 0.3515625 0.934375 0.13125 0.13125
1 0.0296875 0.82890625 0.05859375 0.13125
1 0.64375 0.8390625 0.34296875 0.32109375
1 0.93828125 0.08515625 0.1234375 0.165625