2 0.91484375 0.871875 0.1703125 0.1359375
2 0.884375 0.946875 0.23046875 0.10625
2 0.4046875 0.10859375 0.09375 0.0625
2 0.453125 0.96484375 0.0796875 0.06640625
2 0.6859375 0.4 0.0609375 0.05859375
2 0.46171875 0.1484375 0.0625 0.0625
2 0.5578125 0.72578125 0.0546875 0.05625
2 0.63828125 0.54609375 0.08828125 0.06484375
2 0.54140625 0.19921875 0.07890625 0.07578125
2 0.59765625 0.6078125 0.0640625 0.0640625
2 0.65703125 0.4765625 0.06640625 0.05859375
2 0.5171875 0.8296875 0.0875 0.0953125
2 0.578125 0.67734375 0.071875 0.0625
2 0.68828125 0.8 0.1 0.10390625
2 0.7453125 0.26484375 0.05859375 0.0546875
2 0.540625 0.7609375 0.0640625 0.05703125
2 0.759375 0.30859375 0.06171875 0.053125
2 0.48828125 0.9046875 0.0875 0.07421875
2 0.315625 0.07421875 0.09375 0.0609375
2 0.6734375 0.43828125 0.05625 0.0609375
2 0.4375 0.63515625 0.071875 0.05625
2 0.365625 0.80546875 0.0796875 0.065625
2 0.15078125 0.53515625 0.06796875 0.075
2 0.08203125 0.6484375 0.06640625 0.05859375
2 0.3078125 0.93046875 0.06875 0.06796875
2 0.2265625 0.5140625 0.0609375 0.0734375
2 0.32890625 0.478125 0.05859375 0.06484375
2 0.0546875 0.57109375 0.0828125 0.08359375
2 0.34140625 0.86953125 0.0796875 0.08046875
2 0.15234375 0.86875 0.0609375 0.05859375
2 0.1859375 0.934375 0.08046875 0.06484375
2 0.41171875 0.6953125 0.06640625 0.04921875
2 0.490625 0.43984375 0.1078125 0.0921875
2 0.2859375 0.490625 0.0484375 0.05703125
2 0.396875 0.45703125 0.06484375 0.06328125
2 0.01328125 0.82265625 0.0265625 0.0625
2 0.0265625 0.88984375 0.053125 0.0546875
2 0.05078125 0.96171875 0.075 0.06484375
2 0.26171875 0.35625 0.0546875 0.05859375
2 0.35 0.2421875 0.1015625 0.06875
2 0.2125 0.1734375 0.0484375 0.04296875
2 0.040625 0.096875 0.08046875 0.08984375
2 0.34296875 0.3421875 0.0703125 0.0578125
2 0.1390625 0.37890625 0.0546875 0.0625
2 0.0296875 0.26171875 0.059375 0.0765625
2 0.2109375 0.36875 0.0625 0.0640625
2 0.0234375 0.42578125 0.04609375 0.08515625
2 0.08828125 0.41484375 0.0609375 0.046875
1 0.4484375 0.303125 0.1 0.0921875
2 0.27578125 0.20859375 0.0625 0.0609375
2 0.68203125 0.01328125 0.04609375 0.0265625
3 0.7734375 0.13671875 0.0609375 0.0375
2 0.7140625 0.103125 0.065625 0.0765625
2 0.92890625 0.740625 0.1421875 0.1796875
2 0.21015625 0.03515625 0.1078125 0.0703125
2 0.63203125 0.225 0.1171875 0.0859375
2 0.3953125 0.740625 0.0921875 0.075
2 0.109375 0.7140625 0.071875 0.06640625
2 0.115625 0.134375 0.06171875 0.08984375
2 0.8078125 0.05546875 0.090625 0.1109375
3 0.33671875 0.028125 0.03515625 0.01953125
3 0.1421875 0.31796875 0.04140625 0.046875
3 0.3265625 0.271875 0.02578125 0.025
3 0.3578125 0.30703125 0.02734375 0.02890625
3 0.98125 0.4453125 0.0375 0.07265625
3 0.2359375 0.57265625 0.0484375 0.046875
3 0.3015625 0.7703125 0.0484375 0.03515625
3 0.21796875 0.796875 0.071875 0.04453125
3 0.2875 0.8265625 0.03125 0.0328125
3 0.03515625 0.3265625 0.0390625 0.05859375
2 0.1453125 0.81640625 0.06875 0.06015625
2 0.46875 0.578125 0.06484375 0.06015625
2 0.4875 0.52890625 0.06875 0.05234375
4 0.640625 0.9265625 0.140625 0.146875