1 0.671875 0.34765625 0.08984375 0.54375
1 0.484375 0.03984375 0.13671875 0.0796875
1 0.4296875 0.284375 0.09453125 0.44609375
1 0.5484375 0.29296875 0.12265625 0.2703125
1 0.54609375 0.51640625 0.18671875 0.13984375
1 0.7734375 0.234375 0.0828125 0.26328125
1 0.90625 0.23984375 0.184375 0.24609375
1 0.78125 0.425 0.09375 0.146875
1 0.8640625 0.571875 0.271875 0.15234375
1 0.79453125 0.71953125 0.08984375 0.115625
1 0.64296875 0.73359375 0.16953125 0.1046875
1 0.72109375 0.82265625 0.0546875 0.13671875
1 0.7 0.90546875 0.1140625 0.1296875
1 0.3875 0.8125 0.134375 0.0703125
1 0.3515625 0.91484375 0.09296875 0.1703125
1 0.1875 0.90078125 0.203125 0.19765625
1 0.0859375 0.9421875 0.171875 0.115625
1 0.14765625 0.77890625 0.08828125 0.07265625
1 0.0578125 0.759375 0.115625 0.16953125
1 0.27265625 0.73203125 0.18359375 0.1109375
1 0.2875 0.321875 0.09375 0.33671875
1 0.3140625 0.01484375 0.1484375 0.0296875
1 0.10625 0.040625 0.2125 0.08125
1 0.02421875 0.25 0.0484375 0.296875
1 0.11328125 0.3828125 0.11328125 0.11640625
1 0.0828125 0.6171875 0.165625 0.10546875
1 0.3984375 0.5921875 0.103125 0.1171875
1 0.4671875 0.684375 0.140625 0.09140625
1 0.6234375 0.65390625 0.18203125 0.08203125
3 0.56484375 0.59921875 0.0453125 0.05625
3 0.06484375 0.3625 0.04921875 0.053125
3 0.07265625 0.4234375 0.053125 0.05078125