1 0.5671875 0.52734375 0.4703125 0.22265625
1 0.0015625 0.00078125 0.00078125 0.00078125
1 0.18125 0.48828125 0.1625 0.1828125
1 0.00078125 0.0015625 0.00078125 0.00078125
1 0.00234375 0.0015625 0.00078125 0.00078125
1 0.22578125 0.8609375 0.153125 0.20859375
1 0.4875 0.85390625 0.41640625 0.15
1 0.62890625 0.915625 0.14453125 0.16796875
1 0.05078125 0.9015625 0.1015625 0.196875
1 0.89921875 0.9015625 0.2015625 0.1265625
1 0.94296875 0.5953125 0.1140625 0.109375
1 0.7546875 0.365625 0.490625 0.35390625
1 0.41640625 0.26875 0.08828125 0.18828125