2 0.065625 0.06953125 0.11015625 0.0765625
2 0.08515625 0.15859375 0.1078125 0.0953125
1 0.19609375 0.25859375 0.08203125 0.09609375
2 0.29453125 0.06484375 0.09375 0.06484375
1 0.40390625 0.04296875 0.10234375 0.0578125
2 0.43828125 0.14375 0.0828125 0.0609375
1 0.3328125 0.21640625 0.11015625 0.03125
1 0.40390625 0.25078125 0.06875 0.0328125
1 0.43515625 0.33828125 0.07265625 0.10625
3 0.34609375 0.3484375 0.0671875 0.03828125
3 0.2484375 0.228125 0.0515625 0.0453125
3 0.34296875 0.39296875 0.06875 0.03125
3 0.63359375 0.234375 0.053125 0.0484375
3 0.6046875 0.628125 0.0375 0.0609375
3 0.64140625 0.590625 0.02578125 0.0296875
3 0.28671875 0.55703125 0.0421875 0.0515625
1 0.53203125 0.0375 0.0875 0.075
1 0.54765625 0.0921875 0.0765625 0.059375
1 0.54375 0.1359375 0.090625 0.0765625
1 0.8390625 0.0359375 0.1421875 0.071875
1 0.953125 0.08984375 0.09375 0.0703125
1 0.54140625 0.35234375 0.05625 0.21015625
2 0.61015625 0.490625 0.07109375 0.059375
2 0.52890625 0.57734375 0.07109375 0.090625
2 0.46875 0.71875 0.06796875 0.08125
1 0.459375 0.8546875 0.12421875 0.13828125
1 0.52734375 0.92109375 0.07890625 0.08984375
1 0.17734375 0.8921875 0.1953125 0.19609375
1 0.20078125 0.625 0.08359375 0.128125
2 0.33046875 0.68046875 0.1015625 0.16015625
1 0.34609375 0.5484375 0.11328125 0.07890625
2 0.39609375 0.47265625 0.12109375 0.1
1 0.22578125 0.45546875 0.12578125 0.08203125
2 0.75078125 0.6203125 0.0796875 0.11015625
2 0.75234375 0.70390625 0.07265625 0.0609375
2 0.7453125 0.78671875 0.08984375 0.0703125
2 0.72890625 0.91953125 0.10625 0.09453125
2 0.8234375 0.9078125 0.05546875 0.059375
2 0.88828125 0.6078125 0.13046875 0.10546875
1 0.909375 0.72734375 0.18125 0.0640625
1 0.92890625 0.8 0.1421875 0.084375
1 0.93125 0.934375 0.1328125 0.13125