1 0.2671875 0.28125 0.20703125 0.234375
1 0.1390625 0.328125 0.1921875 0.184375
1 0.2109375 0.4640625 0.17421875 0.14375
1 0.2625 0.5796875 0.18828125 0.209375
1 0.3359375 0.6984375 0.21640625 0.2140625
1 0.47109375 0.65078125 0.15546875 0.20546875
1 0.4171875 0.8265625 0.19609375 0.17890625
1 0.54921875 0.8046875 0.1578125 0.18671875
1 0.48125 0.91015625 0.2 0.16171875
1 0.23125 0.8890625 0.2875 0.1609375
1 0.40234375 0.1765625 0.1671875 0.209375
1 0.53203125 0.115625 0.18359375 0.16875
1 0.5921875 0.240625 0.15546875 0.1875
1 0.55078125 0.43828125 0.22890625 0.23828125
1 0.671875 0.39609375 0.2234375 0.253125
1 0.6828125 0.61171875 0.165625 0.31875
1 0.7703125 0.55 0.14921875 0.175
1 0.88515625 0.38515625 0.1453125 0.184375
1 0.7796875 0.18984375 0.171875 0.2109375
1 0.91328125 0.184375 0.1734375 0.228125
1 0.84140625 0.053125 0.19609375 0.10546875
1 0.69375 0.06796875 0.15546875 0.1234375
1 0.16484375 0.0703125 0.1546875 0.140625
1 0.071875 0.12265625 0.14375 0.1765625
1 0.04765625 0.50625 0.0953125 0.171875
1 0.08984375 0.61015625 0.140625 0.19921875
1 0.06171875 0.721875 0.1234375 0.1203125
1 0.053125 0.9171875 0.10546875 0.165625
1 0.79921875 0.865625 0.21328125 0.26796875
1 0.92734375 0.63203125 0.13828125 0.20390625