2 0.16875 0.434375 0.0640625 0.0953125
2 0.3421875 0.52421875 0.06875 0.06875
2 0.2796875 0.33984375 0.0765625 0.1109375
2 0.85078125 0.4125 0.178125 0.09765625
2 0.534375 0.85234375 0.0328125 0.071875
2 0.5890625 0.765625 0.0703125 0.0921875
2 0.51953125 0.68125 0.0453125 0.0703125
2 0.5484375 0.571875 0.0328125 0.0484375
2 0.2921875 0.203125 0.0328125 0.03515625
2 0.0734375 0.121875 0.021875 0.01953125
2 0.375 0.23359375 0.05625 0.0328125
2 0.4640625 0.01484375 0.0140625 0.0140625
2 0.4140625 0.9421875 0.0171875 0.015625
2 0.4609375 0.0328125 0.009375 0.0171875
2 0.4296875 0.10859375 0.0546875 0.0390625
2 0.08203125 0.678125 0.0484375 0.05078125
2 0.19375 0.1515625 0.01171875 0.0078125
2 0.35625 0.28828125 0.0484375 0.0484375
2 0.93828125 0.915625 0.0390625 0.021875
2 0.7453125 0.2625 0.015625 0.01171875
2 0.4859375 0.646875 0.0484375 0.0546875
2 0.309375 0.471875 0.0140625 0.0234375
2 0.70234375 0.7953125 0.0484375 0.046875
2 0.578125 0.9203125 0.0171875 0.015625
2 0.94375 0.49921875 0.05859375 0.0921875
2 0.1984375 0.290625 0.0609375 0.046875
2 0.928125 0.08125 0.02734375 0.021875
2 0.06875 0.415625 0.05078125 0.03125
2 0.19140625 0.25390625 0.040625 0.0296875
2 0.4140625 0.1375 0.06640625 0.0328125
2 0.8171875 0.9453125 0.040625 0.0234375
2 0.16484375 0.07421875 0.06875 0.05859375
2 0.4140625 0.91875 0.021875 0.03125
2 0.97578125 0.9265625 0.0390625 0.05078125
2 0.87421875 0.921875 0.078125 0.06875
2 0.6296875 0.640625 0.0390625 0.0546875
2 0.3328125 0.34765625 0.06875 0.0953125
2 0.0859375 0.234375 0.040625 0.06640625
2 0.2796875 0.1609375 0.05859375 0.0453125
2 0.41015625 0.34375 0.05859375 0.06640625
2 0.58125 0.4609375 0.0640625 0.0625
2 0.6984375 0.63359375 0.0875 0.13125
2 0.13984375 0.396875 0.03515625 0.0375
2 0.4890625 0.35078125 0.0609375 0.0625
2 0.265625 0.5546875 0.03515625 0.0390625
2 0.31875 0.2046875 0.021875 0.0796875
2 0.1921875 0.74140625 0.05078125 0.06640625
2 0.3671875 0.828125 0.0546875 0.06640625
2 0.2328125 0.2734375 0.0390625 0.06640625
2 0.2078125 0.859375 0.06640625 0.12109375
2 0.49296875 0.76875 0.03515625 0.0453125
2 0.3828125 0.6140625 0.0953125 0.0625
2 0.15625 0.0296875 0.0703125 0.040625
2 0.55546875 0.6875 0.0390625 0.05078125
2 0.06328125 0.94609375 0.071875 0.0625
2 0.42109375 0.0671875 0.0921875 0.04296875
2 0.6203125 0.8671875 0.0640625 0.06875
2 0.25078125 0.0046875 0.0625 0.009375
2 0.3375 0.0125 0.0375 0.025
2 0.525 0.775 0.0484375 0.04296875
2 0.84453125 0.31640625 0.02734375 0.0453125
2 0.28828125 0.6015625 0.05859375 0.05625
2 0.27421875 0.084375 0.05625 0.0640625
2 0.5421875 0.1265625 0.1390625 0.12109375
2 0.49609375 0.525 0.071875 0.1171875
2 0.2265625 0.190625 0.05625 0.1
2 0.12578125 0.4421875 0.05859375 0.0875
2 0.09765625 0.88125 0.09375 0.12109375
2 0.86328125 0.6140625 0.0796875 0.11875
2 0.6859375 0.396875 0.09375 0.1578125
2 0.71796875 0.928125 0.09375 0.140625
2 0.03046875 0.22578125 0.0609375 0.06875
2 0.11796875 0.3890625 0.2359375 0.3171875
2 0.47265625 0.90703125 0.0484375 0.05625
2 0.0359375 0.0578125 0.071875 0.0953125
2 0.5921875 0.6015625 0.0703125 0.0765625
2 0.5734375 0.203125 0.0390625 0.05859375
2 0.353125 0.45625 0.078125 0.0859375
2 0.484375 0.2171875 0.0703125 0.11875
2 0.3921875 0.184375 0.08203125 0.071875
2 0.1625 0.74296875 0.05078125 0.0859375
2 0.471875 0.4046875 0.11875 0.09765625