2 0.47578125 0.48359375 0.1109375 0.1484375
2 0.83515625 0.75390625 0.0921875 0.11328125
0 0.634375 0.18828125 0.11484375 0.14140625
2 0.75859375 0.64140625 0.0765625 0.09375
3 0.3890625 0.590625 0.0453125 0.046875
2 0.5046875 0.1546875 0.06875 0.0875
2 0.73984375 0.53671875 0.1375 0.16171875
2 0.56015625 0.32109375 0.11875 0.11328125
2 0.40390625 0.15 0.115625 0.15
2 0.62265625 0.41015625 0.0953125 0.08984375
4 0.4890625 0.903125 0.14453125 0.15234375
4 0.6953125 0.81328125 0.07734375 0.11328125
2 0.346875 0.36640625 0.1109375 0.1296875
3 0.28515625 0.44765625 0.046875 0.0390625
3 0.74453125 0.96953125 0.0625 0.04296875
2 0.81640625 0.93828125 0.1078125 0.1234375