4 0.18125 0.32890625 0.08359375 0.1
4 0.115625 0.565625 0.06484375 0.07421875
2 0.340625 0.4 0.0953125 0.07421875
2 0.1421875 0.41953125 0.10703125 0.09140625
2 0.25546875 0.36015625 0.08046875 0.04296875
2 0.23671875 0.415625 0.08046875 0.0546875
2 0.2234375 0.465625 0.08984375 0.05625
2 0.353125 0.45703125 0.15390625 0.07578125
2 0.2046875 0.58046875 0.09921875 0.10703125
2 0.41796875 0.54609375 0.078125 0.071875
2 0.315625 0.55703125 0.10546875 0.10390625
2 0.171875 0.665625 0.10703125 0.10390625
2 0.3515625 0.646875 0.1953125 0.0765625
2 0.4265625 0.74765625 0.19375 0.10390625
2 0.0390625 0.8015625 0.078125 0.103125
2 0.175 0.76796875 0.071875 0.0546875
2 0.27890625 0.7484375 0.08359375 0.0921875
2 0.0734375 0.90234375 0.053125 0.06796875
2 0.128125 0.884375 0.06875 0.10390625
2 0.2015625 0.88984375 0.0640625 0.1109375
2 0.27265625 0.8796875 0.06640625 0.1390625
2 0.35 0.86640625 0.06875 0.0796875
2 0.31328125 0.96875 0.0609375 0.0625