1 0.69140625 0.89140625 0.22265625 0.2171875
1 0.8765625 0.6875 0.24609375 0.39296875
1 0.52109375 0.71640625 0.2046875 0.23671875
1 0.32265625 0.65859375 0.203125 0.2015625
1 0.221875 0.80390625 0.25625 0.21171875
1 0.0546875 0.66484375 0.109375 0.1046875
1 0.10546875 0.57734375 0.12265625 0.125
1 0.02890625 0.48515625 0.05703125 0.08671875
1 0.25859375 0.4734375 0.1203125 0.1046875
1 0.1640625 0.43046875 0.13125 0.12109375
1 0.28359375 0.41171875 0.0703125 0.0796875
1 0.37734375 0.33125 0.11171875 0.103125
1 0.43984375 0.4765625 0.22109375 0.19375
1 0.5 0.33828125 0.12578125 0.1
1 0.6515625 0.17109375 0.21015625 0.1171875
1 0.565625 0.24375 0.1359375 0.12890625
1 0.8359375 0.240625 0.19140625 0.1203125
2 0.79375 0.346875 0.14296875 0.09609375
2 0.75078125 0.41015625 0.12890625 0.0953125
2 0.94296875 0.4046875 0.06015625 0.08203125
1 0.490625 0.090625 0.13203125 0.14453125
1 0.13125 0.06953125 0.096875 0.1078125
1 0.21328125 0.11171875 0.121875 0.12734375
1 0.090625 0.25546875 0.0859375 0.06953125
1 0.07578125 0.32734375 0.1 0.08828125
1 0.15859375 0.29765625 0.075 0.08046875
1 0.196875 0.2328125 0.10546875 0.10390625
1 0.2671875 0.21796875 0.078125 0.07734375
1 0.25078125 0.278125 0.10546875 0.096875
1 0.05390625 0.12890625 0.09296875 0.1
1 0.309375 0.13984375 0.090625 0.084375
1 0.396875 0.190625 0.12578125 0.1140625
1 0.6109375 0.45 0.10703125 0.10390625