2 0.39453125 0.3765625 0.11171875 0.0765625
2 0.48359375 0.2078125 0.10703125 0.04296875
2 0.5609375 0.3171875 0.0734375 0.05078125
2 0.5015625 0.36875 0.0765625 0.05703125
2 0.47109375 0.4640625 0.0640625 0.0703125
2 0.50625 0.49296875 0.06171875 0.06640625
2 0.55625 0.446875 0.0359375 0.05
2 0.5890625 0.525 0.07890625 0.0921875
2 0.62890625 0.44296875 0.06875 0.046875
2 0.68125 0.56171875 0.0765625 0.05234375
2 0.7078125 0.62578125 0.08515625 0.10859375
2 0.69921875 0.721875 0.07265625 0.084375
2 0.6515625 0.821875 0.08984375 0.11328125
2 0.784375 0.92578125 0.13359375 0.05703125
2 0.64765625 0.953125 0.1390625 0.07734375
2 0.49921875 0.91875 0.1 0.11328125
2 0.34140625 0.49765625 0.09921875 0.1125
2 0.415625 0.5359375 0.0546875 0.0765625
2 0.4625 0.56171875 0.0515625 0.0765625
2 0.5015625 0.5734375 0.05546875 0.0984375
2 0.540625 0.61640625 0.06015625 0.1046875
2 0.80546875 0.04375 0.18828125 0.08515625
3 0.20078125 0.6703125 0.046875 0.03671875