2 0.15625 0.12578125 0.0703125 0.09375
2 0.071875 0.2046875 0.09453125 0.09921875
2 0.21875 0.09765625 0.07421875 0.090625
2 0.284375 0.06484375 0.04609375 0.065625
2 0.3625 0.03984375 0.10546875 0.075
2 0.4625 0.03125 0.075 0.05546875
2 0.3546875 0.12890625 0.0546875 0.05078125
2 0.28359375 0.18359375 0.0859375 0.05703125
2 0.246875 0.2390625 0.11484375 0.0875
2 0.1765625 0.28125 0.11953125 0.10078125
2 0.16796875 0.36796875 0.0703125 0.084375
1 0.0390625 0.5578125 0.078125 0.1078125
1 0.34609375 0.6859375 0.11328125 0.11640625
1 0.3984375 0.46796875 0.21796875 0.2765625
2 0.4953125 0.26796875 0.0921875 0.09609375
2 0.55546875 0.13046875 0.090625 0.0921875
3 0.45 0.25390625 0.04296875 0.06015625
3 0.01328125 0.30234375 0.0265625 0.0640625
3 0.96953125 0.025 0.0578125 0.05
1 0.71328125 0.153125 0.128125 0.0984375
3 0.57734375 0.76171875 0.07578125 0.0625
3 0.6671875 0.69609375 0.08203125 0.05625
3 0.91328125 0.68828125 0.0453125 0.0890625
3 0.12265625 0.65390625 0.04453125 0.0578125
2 0.16796875 0.65390625 0.09140625 0.090625
2 0.64609375 0.32265625 0.090625 0.06640625
2 0.659375 0.240625 0.11484375 0.071875
2 0.62421875 0.4203125 0.11171875 0.0640625
2 0.6046875 0.48125 0.0921875 0.07421875
2 0.53359375 0.63359375 0.0875 0.0640625
2 0.44140625 0.94921875 0.1125 0.08203125
2 0.328125 0.85390625 0.10078125 0.07421875
2 0.2125 0.86171875 0.0953125 0.1140625
2 0.1484375 0.8203125 0.08828125 0.0828125
2 0.05625 0.803125 0.1125 0.125
2 0.81484375 0.96953125 0.071875 0.0609375
2 0.8875 0.96171875 0.08828125 0.07265625
2 0.665625 0.80859375 0.0765625 0.13984375
2 0.75078125 0.8375 0.04453125 0.07890625
2 0.87421875 0.82109375 0.08359375 0.0890625
2 0.96953125 0.68984375 0.0609375 0.0859375
2 0.7625 0.56328125 0.09375 0.08515625
2 0.9171875 0.58984375 0.0984375 0.0875
2 0.784375 0.43828125 0.084375 0.0859375
2 0.80078125 0.35546875 0.08125 0.0671875
2 0.8390625 0.184375 0.084375 0.06875
2 0.96796875 0.1265625 0.0640625 0.078125
2 0.7453125 0.29140625 0.0953125 0.06328125
2 0.76484375 0.6421875 0.07890625 0.0953125
2 0.709375 0.0578125 0.07265625 0.0765625
2 0.91875 0.48203125 0.09453125 0.08828125