1 0.7125 0.1171875 0.13984375 0.0828125
1 0.62421875 0.09921875 0.10703125 0.09375
1 0.5625 0.08359375 0.11953125 0.10546875
1 0.4953125 0.06875 0.1203125 0.0859375
1 0.375 0.06328125 0.17109375 0.07109375
1 0.2671875 0.04609375 0.11953125 0.06953125
1 0.15703125 0.03125 0.13125 0.0625
1 0.0546875 0.01953125 0.09140625 0.0390625
1 0.5984375 0.23046875 0.14921875 0.15546875
1 0.7484375 0.24609375 0.115625 0.11796875
1 0.79765625 0.35703125 0.1359375 0.21875
1 0.5515625 0.36328125 0.059375 0.23046875
1 0.58203125 0.63203125 0.090625 0.24375
1 0.359375 0.7359375 0.31796875 0.08828125
1 0.128125 0.46796875 0.15859375 0.06875
1 0.2640625 0.4640625 0.12578125 0.0875
1 0.4125 0.4546875 0.19765625 0.096875
1 0.4796875 0.52421875 0.078125 0.09140625
1 0.4875 0.63046875 0.071875 0.11640625
1 0.7234375 0.7265625 0.21875 0.078125
1 0.8859375 0.72109375 0.12734375 0.0625
1 0.9609375 0.578125 0.078125 0.171875
1 0.8859375 0.86015625 0.0890625 0.1796875
1 0.9546875 0.8125 0.08984375 0.08203125
1 0.77890625 0.8109375 0.1359375 0.05703125
1 0.621875 0.890625 0.16015625 0.21875
1 0.065625 0.6265625 0.13046875 0.2109375
1 0.0828125 0.80703125 0.165625 0.128125
1 0.41171875 0.8234375 0.2125 0.06796875
1 0.49375 0.896875 0.05234375 0.2
1 0.4171875 0.35390625 0.18125 0.1
1 0.26015625 0.35078125 0.16015625 0.0859375
1 0.0859375 0.37890625 0.171875 0.0703125
1 0.09921875 0.11484375 0.07421875 0.08828125
1 0.1890625 0.13046875 0.1265625 0.09296875
1 0.28515625 0.15078125 0.09140625 0.11640625
1 0.365625 0.15546875 0.08984375 0.103125
1 0.45390625 0.16796875 0.1046875 0.07734375
1 0.946875 0.4140625 0.0984375 0.0953125
1 0.9125 0.34765625 0.09140625 0.08203125
1 0.91171875 0.20859375 0.16328125 0.1171875
1 0.86796875 0.0390625 0.2296875 0.078125
1 0.8703125 0.5875 0.11015625 0.2015625
1 0.1359375 0.253125 0.128125 0.1078125
1 0.03359375 0.2140625 0.0671875 0.21796875