1 0.3890625 0.740625 0.18359375 0.1484375
1 0.29609375 0.6140625 0.11328125 0.1078125
1 0.39140625 0.5828125 0.04296875 0.0328125
1 0.56953125 0.08515625 0.1390625 0.1703125
1 0.00078125 0.00234375 0.00078125 0.00078125
1 0.61328125 0.2734375 0.0875 0.165625
1 0.125 0.1625 0.16015625 0.165625
1 0.3609375 0.0265625 0.0234375 0.0296875
1 0.4234375 0.00859375 0.06640625 0.0171875
1 0.44921875 0.0359375 0.07421875 0.0625
1 0.3203125 0.05546875 0.0703125 0.071875
1 0.1765625 0.73046875 0.0484375 0.040625
1 0.30625 0.26640625 0.0546875 0.0640625
1 0.47265625 0.496875 0.06640625 0.0703125
1 0.0921875 0.01875 0.18359375 0.0375
1 0.221875 0.15546875 0.05859375 0.06875
1 0.91875 0.76484375 0.0953125 0.28125
1 0.39375 0.27265625 0.41015625 0.475
1 0.6078125 0.39453125 0.10546875 0.1015625
1 0.4625 0.22265625 0.26171875 0.303125