1 0.36875 0.34140625 0.1734375 0.2234375
1 0.18125 0.5015625 0.15 0.14609375
1 0.0625 0.58359375 0.125 0.1328125
1 0.0234375 0.671875 0.046875 0.06640625
1 0.4171875 0.70703125 0.24921875 0.2578125
1 0.415625 0.92109375 0.16796875 0.1578125
1 0.2296875 0.93046875 0.2015625 0.1390625
1 0.91484375 0.79765625 0.1671875 0.23046875
1 0.91640625 0.9546875 0.10234375 0.0875
2 0.88671875 0.39375 0.11953125 0.1265625
2 0.97578125 0.2640625 0.0484375 0.078125
2 0.9890625 0.4890625 0.021875 0.0609375
1 0.68046875 0.04609375 0.08203125 0.07890625
1 0.72421875 0.10625 0.0796875 0.1046875
1 0.80859375 0.13671875 0.0890625 0.08828125
1 0.87578125 0.2015625 0.0828125 0.0984375
3 0.57265625 0.5109375 0.24140625 0.240625
3 0.93671875 0.51484375 0.0296875 0.03515625
3 0.121875 0.75703125 0.115625 0.11328125
2 0.628125 0.8890625 0.0609375 0.0640625