3 0.36640625 0.12421875 0.05 0.0578125
3 0.11484375 0.5484375 0.05625 0.03359375
3 0.19609375 0.51796875 0.03359375 0.03359375
3 0.628125 0.72265625 0.0296875 0.04375
3 0.08203125 0.659375 0.03359375 0.021875
3 0.66015625 0.76171875 0.0234375 0.03203125
3 0.89921875 0.64453125 0.046875 0.01796875
3 0.8703125 0.4015625 0.0484375 0.05390625
3 0.43203125 0.2125 0.03828125 0.034375
3 0.5703125 0.8828125 0.02421875 0.0359375
3 0.6265625 0.93984375 0.03671875 0.03515625
1 0.12109375 0.04296875 0.09375 0.07578125
1 0.11796875 0.1125 0.08203125 0.07265625
1 0.13828125 0.16640625 0.10078125 0.065625
1 0.159375 0.22421875 0.06640625 0.05078125
1 0.171875 0.29140625 0.04921875 0.08203125
1 0.1921875 0.378125 0.0515625 0.09296875
1 0.0203125 0.134375 0.040625 0.05546875
1 0.0328125 0.18828125 0.065625 0.0578125
1 0.03125 0.2359375 0.0625 0.05703125
1 0.08671875 0.21796875 0.065625 0.06953125
1 0.10703125 0.29453125 0.0734375 0.10625
1 0.05390625 0.31171875 0.05625 0.07421875
1 0.11875 0.4078125 0.0484375 0.08203125
1 0.03515625 0.38046875 0.0703125 0.0734375
1 0.06875 0.47265625 0.08046875 0.078125
1 0.021875 0.60546875 0.04296875 0.05
1 0.03203125 0.559375 0.0578125 0.05390625
1 0.07421875 0.6109375 0.078125 0.06484375
1 0.196875 0.45703125 0.1015625 0.06171875
1 0.2875 0.3828125 0.0890625 0.06171875
1 0.2515625 0.2921875 0.06484375 0.084375
3 0.31796875 0.3328125 0.04453125 0.0375
1 0.3078125 0.2046875 0.17734375 0.0859375
1 0.21328125 0.05859375 0.06171875 0.0671875
1 0.3078125 0.02734375 0.0609375 0.0546875
1 0.28828125 0.121875 0.1171875 0.1
1 0.4 0.07578125 0.09609375 0.115625
1 0.471875 0.02734375 0.053125 0.0546875
1 0.55390625 0.06796875 0.09453125 0.06875
1 0.51015625 0.14609375 0.0875 0.08828125
1 0.6171875 0.11875 0.096875 0.096875
1 0.671875 0.1859375 0.09609375 0.09765625
1 0.73515625 0.21484375 0.1265625 0.11484375
1 0.91484375 0.14453125 0.1703125 0.171875
3 0.903125 0.1578125 0.02578125 0.02421875
3 0.95390625 0.20234375 0.025 0.02421875
1 0.88203125 0.3328125 0.1 0.10234375
1 0.9578125 0.39765625 0.084375 0.103125
1 0.97578125 0.25 0.0484375 0.0703125
1 0.78984375 0.36484375 0.053125 0.1078125
1 0.62265625 0.3515625 0.09609375 0.078125
1 0.746875 0.43671875 0.0765625 0.0578125
1 0.85234375 0.50625 0.05625 0.0828125
1 0.89375 0.4640625 0.071875 0.0734375
1 0.946875 0.46015625 0.05859375 0.06328125
1 0.97265625 0.5109375 0.0546875 0.065625
1 0.853125 0.57109375 0.0921875 0.0671875
1 0.9578125 0.58125 0.084375 0.04765625
1 0.82578125 0.6703125 0.053125 0.03359375
1 0.83125 0.7140625 0.08671875 0.07890625
1 0.80859375 0.79609375 0.1046875 0.0890625
1 0.93515625 0.715625 0.08125 0.04921875
1 0.96171875 0.82734375 0.07265625 0.03359375
1 0.89609375 0.8171875 0.05078125 0.071875
1 0.8515625 0.90234375 0.1375 0.0578125
1 0.94609375 0.9046875 0.1078125 0.10546875
1 0.8078125 0.9609375 0.12109375 0.078125
1 0.678125 0.95703125 0.09921875 0.0859375
1 0.62578125 0.82109375 0.1109375 0.11875
1 0.51328125 0.79375 0.12265625 0.08984375
1 0.42890625 0.75546875 0.11328125 0.0859375
1 0.33046875 0.73125 0.1171875 0.075
1 0.23046875 0.7109375 0.1203125 0.0828125
1 0.19765625 0.621875 0.075 0.1265625
1 0.3015625 0.5109375 0.12421875 0.103125
1 0.3828125 0.553125 0.128125 0.125
1 0.478125 0.57890625 0.13359375 0.09453125
1 0.57421875 0.61328125 0.1046875 0.08046875
1 0.64375 0.625 0.1125 0.08046875
1 0.703125 0.66171875 0.11015625 0.1203125
1 0.71875 0.58671875 0.11640625 0.09765625
1 0.6015625 0.54140625 0.14140625 0.09296875
1 0.62265625 0.453125 0.0765625 0.1046875
1 0.7265625 0.4859375 0.09609375 0.115625
1 0.55546875 0.384375 0.10546875 0.1078125
1 0.509375 0.475 0.09765625 0.08046875
1 0.43671875 0.45078125 0.09375 0.096875
1 0.39453125 0.42109375 0.0859375 0.09765625
1 0.4484375 0.3328125 0.08984375 0.10234375
1 0.3765625 0.3109375 0.1078125 0.09375
1 0.31015625 0.28125 0.071875 0.0703125
1 0.140625 0.73203125 0.0984375 0.07578125
1 0.06328125 0.790625 0.0875 0.078125
1 0.11953125 0.81171875 0.06796875 0.08203125
1 0.125 0.87109375 0.06953125 0.06796875
1 0.07890625 0.9734375 0.05703125 0.04765625
1 0.16796875 0.959375 0.0734375 0.08046875
1 0.23046875 0.85859375 0.15390625 0.1203125
1 0.240625 0.92265625 0.05703125 0.06640625
1 0.2921875 0.88125 0.06640625 0.0703125
1 0.35859375 0.834375 0.09453125 0.09375
1 0.40859375 0.8359375 0.05703125 0.0703125
1 0.42109375 0.93671875 0.115625 0.1265625
1 0.4734375 0.84609375 0.0921875 0.06796875
1 0.5015625 0.8828125 0.08359375 0.08046875
1 0.515625 0.96015625 0.07421875 0.0796875
1 0.57578125 0.9515625 0.09453125 0.08984375
1 0.634375 0.84453125 0.12578125 0.1109375