2 0.865625 0.35625 0.05859375 0.071875
1 0.5078125 0.82890625 0.2171875 0.2796875
1 0.28203125 0.61875 0.0609375 0.17578125
1 0.65703125 0.271875 0.125 0.2015625
1 0.55546875 0.41875 0.1875 0.3421875
1 0.26171875 0.42890625 0.046875 0.1484375
2 0.93828125 0.71328125 0.0609375 0.06640625
2 0.85625 0.63125 0.05859375 0.0640625
1 0.31640625 0.4421875 0.0453125 0.1734375
2 0.79609375 0.7921875 0.0609375 0.06640625
2 0.75703125 0.67734375 0.0625 0.0640625
2 0.7703125 0.36640625 0.05625 0.0703125
1 0.80234375 0.19609375 0.1234375 0.19921875
2 0.946875 0.434375 0.05859375 0.07421875
1 0.5703125 0.0953125 0.2390625 0.16875
2 0.0453125 0.2734375 0.084375 0.11328125
2 0.78984375 0.50625 0.05625 0.0796875
1 0.91796875 0.09375 0.0796875 0.10546875
1 0.29453125 0.9609375 0.06328125 0.078125
1 0.91796875 0.86171875 0.159375 0.14765625