2 0.0609375 0.6234375 0.09921875 0.1015625
2 0.04375 0.73359375 0.08046875 0.08359375
2 0.29453125 0.60546875 0.059375 0.07109375
2 0.3515625 0.63203125 0.0765625 0.08203125
2 0.37265625 0.87421875 0.0671875 0.08046875
2 0.4203125 0.8984375 0.07265625 0.06796875
2 0.2921875 0.85 0.10078125 0.08828125
2 0.1953125 0.7421875 0.09765625 0.07890625
2 0.73125 0.77265625 0.109375 0.0828125
2 0.640625 0.796875 0.1453125 0.1078125
2 0.56875 0.8609375 0.0875 0.084375
2 0.86171875 0.6 0.1140625 0.13046875
2 0.80625 0.48828125 0.08671875 0.1109375
2 0.70390625 0.34765625 0.10859375 0.10390625
2 0.56796875 0.2859375 0.1078125 0.1171875
2 0.42109375 0.23125 0.13203125 0.128125
2 0.5453125 0.53046875 0.1265625 0.1234375
2 0.45 0.07109375 0.071875 0.08203125
2 0.50703125 0.0890625 0.071875 0.08515625
2 0.565625 0.10234375 0.0703125 0.08515625
2 0.6234375 0.1234375 0.0671875 0.090625
2 0.66875 0.1421875 0.075 0.09140625
2 0.72421875 0.15078125 0.09296875 0.09609375
2 0.83046875 0.3015625 0.1203125 0.13203125
2 0.93203125 0.43984375 0.11640625 0.1296875
1 0.4421875 0.66953125 0.1390625 0.08671875
1 0.55234375 0.68828125 0.0984375 0.065625
1 0.196875 0.9578125 0.109375 0.084375
1 0.5515625 0.94375 0.109375 0.1046875
1 0.634375 0.96953125 0.10546875 0.0609375
1 0.953125 0.825 0.09375 0.146875
1 0.75859375 0.671875 0.11640625 0.1171875
1 0.24140625 0.1671875 0.17265625 0.12265625
1 0.13359375 0.34296875 0.10859375 0.1046875
1 0.06328125 0.09296875 0.1265625 0.18125
2 0.0328125 0.32109375 0.06484375 0.1
2 0.03046875 0.4734375 0.0609375 0.0875
2 0.178125 0.40625 0.1515625 0.0953125
2 0.41484375 0.4953125 0.1046875 0.12421875
2 0.68203125 0.59609375 0.09140625 0.0859375
2 0.9234375 0.71484375 0.1203125 0.128125
1 0.95859375 0.30625 0.0828125 0.128125
1 0.92578125 0.18515625 0.11796875 0.1140625
2 0.7953125 0.1703125 0.0859375 0.08984375
3 0.31875 0.31328125 0.08125 0.09140625
3 0.390625 0.31328125 0.05703125 0.0578125
3 0.109375 0.23125 0.06796875 0.06640625
3 0.63359375 0.26953125 0.08359375 0.0609375
3 0.51328125 0.20859375 0.04453125 0.034375
3 0.90703125 0.24296875 0.06875 0.0328125
3 0.96640625 0.48515625 0.05234375 0.05703125
3 0.70234375 0.82578125 0.05390625 0.0625
3 0.46640625 0.8171875 0.0421875 0.03515625
3 0.38828125 0.7890625 0.03671875 0.0359375
3 0.1828125 0.6796875 0.06640625 0.0828125
3 0.13203125 0.6203125 0.053125 0.0515625
3 0.83671875 0.828125 0.071875 0.08359375
3 0.79140625 0.7125 0.07265625 0.0921875
3 0.9140625 0.76796875 0.0640625 0.05625