2 0.3890625 0.0625 0.07578125 0.06484375
2 0.2828125 0.26953125 0.10390625 0.09375
2 0.9 0.37109375 0.16015625 0.1171875
2 0.3765625 0.12890625 0.103125 0.07265625
2 0.4609375 0.18125 0.08046875 0.078125
2 0.38515625 0.2046875 0.08359375 0.0625
2 0.484375 0.23125 0.0703125 0.0609375
2 0.4171875 0.25234375 0.06875 0.07265625
2 0.3640625 0.32109375 0.084375 0.07421875
2 0.5640625 0.2484375 0.084375 0.09375
2 0.68203125 0.31640625 0.11171875 0.10703125
2 0.775 0.375 0.1078125 0.125
2 0.5484375 0.3609375 0.240625 0.18359375
2 0.6859375 0.440625 0.20859375 0.09765625
2 0.75078125 0.5296875 0.1421875 0.11953125
2 0.9140625 0.6265625 0.09921875 0.10390625
2 0.4859375 0.70703125 0.071875 0.09375
2 0.56484375 0.6828125 0.13515625 0.09765625
2 0.684375 0.64140625 0.1625 0.1078125
2 0.80546875 0.60546875 0.1 0.09921875
2 0.64453125 0.82265625 0.31015625 0.18515625
2 0.7671875 0.68828125 0.26015625 0.103125
2 0.7015625 0.9359375 0.19140625 0.0859375