2 0.46015625 0.9046875 0.0796875 0.1234375
2 0.8671875 0.39296875 0.0765625 0.1078125
2 0.60859375 0.57890625 0.06796875 0.0859375
2 0.1296875 0.059375 0.05625 0.05078125
2 0.75234375 0.15625 0.0828125 0.11875
0 0.01484375 0.1109375 0.0296875 0.109375
2 0.2828125 0.68515625 0.0765625 0.09609375
2 0.18515625 0.9546875 0.07109375 0.08671875
2 0.459375 0.11875 0.0484375 0.0375
2 0.3125 0.97421875 0.05 0.0515625
2 0.7546875 0.0484375 0.071875 0.096875
2 0.39296875 0.48359375 0.06875 0.08515625
2 0.4984375 0.40859375 0.05625 0.08828125
2 0.384375 0.853125 0.04140625 0.07109375
2 0.96171875 0.58984375 0.0765625 0.103125
2 0.246875 0.1578125 0.078125 0.0953125