2 0.7265625 0.31328125 0.09921875 0.0796875
2 0.20078125 0.6765625 0.05 0.07734375
2 0.8859375 0.42578125 0.134375 0.13828125
2 0.621875 0.28046875 0.09453125 0.07265625
2 0.46953125 0.8171875 0.03125 0.04296875
2 0.52421875 0.8640625 0.0765625 0.07421875
2 0.85078125 0.94921875 0.1 0.0921875
2 0.475 0.32421875 0.10234375 0.11328125
5 0.553125 0.496875 0.13671875 0.11875
5 0.24140625 0.26796875 0.07421875 0.0703125
2 0.33125 0.384375 0.071875 0.06328125
2 0.6546875 0.13671875 0.09921875 0.0828125
2 0.30625 0.04609375 0.05859375 0.05625
2 0.12265625 0.29296875 0.1359375 0.121875
2 0.4078125 0.6046875 0.1265625 0.11953125
2 0.74765625 0.63125 0.1078125 0.1390625
2 0.96640625 0.61328125 0.0671875 0.1046875
3 0.5 0.48125 0.046875 0.05859375
3 0.696875 0.378125 0.084375 0.04296875
3 0.915625 0.6703125 0.05234375 0.1015625
2 0.39296875 0.9453125 0.10390625 0.109375
2 0.5265625 0.03515625 0.084375 0.0703125