2 0.4796875 0.87734375 0.0953125 0.09140625
2 0.72578125 0.93203125 0.146875 0.084375
2 0.1546875 0.66953125 0.10078125 0.075
2 0.6453125 0.69140625 0.0875 0.0703125
2 0.915625 0.9265625 0.16875 0.140625
2 0.14921875 0.83984375 0.178125 0.0984375
4 0.31484375 0.4109375 0.134375 0.2984375
2 0.5890625 0.896875 0.08828125 0.13125
2 0.31796875 0.68125 0.1109375 0.1078125
4 0.0453125 0.4625 0.08984375 0.240625
2 0.04609375 0.94921875 0.0890625 0.05859375
4 0.815625 0.54765625 0.15234375 0.3421875
2 0.3359375 0.8515625 0.11796875 0.134375
4 0.57109375 0.2765625 0.23828125 0.1265625
2 0.184375 0.95078125 0.103125 0.0953125
3 0.7359375 0.98671875 0.04453125 0.02578125