2 0.65703125 0.35390625 0.115625 0.09765625
2 0.4671875 0.0328125 0.16171875 0.06484375
2 0.82265625 0.85 0.10390625 0.09609375
2 0.0453125 0.1328125 0.0828125 0.1359375
2 0.56796875 0.5890625 0.1046875 0.1109375
2 0.9375 0.74609375 0.0875 0.08359375
2 0.5078125 0.8296875 0.1 0.1109375
2 0.5859375 0.25703125 0.12109375 0.0984375
2 0.77421875 0.58203125 0.084375 0.1078125
2 0.23046875 0.3703125 0.11484375 0.134375
2 0.29765625 0.06484375 0.1078125 0.1296875
2 0.853125 0.478125 0.06875 0.078125
2 0.94765625 0.57421875 0.096875 0.10625
2 0.84453125 0.684375 0.0875 0.1
2 0.43125 0.953125 0.09375 0.08203125
2 0.440625 0.43828125 0.17421875 0.14375
2 0.040625 0.37890625 0.06875 0.1109375
2 0.6625 0.19140625 0.08671875 0.0953125
3 0.80078125 0.74375 0.04921875 0.05859375