2 0.0875 0.103125 0.13828125 0.13828125
2 0.3796875 0.36640625 0.09765625 0.0921875
2 0.928125 0.52109375 0.10546875 0.09375
2 0.8328125 0.57109375 0.053125 0.0609375
2 0.9078125 0.728125 0.07421875 0.07265625
2 0.75078125 0.6109375 0.06640625 0.0703125
2 0.5890625 0.6421875 0.0796875 0.08046875
2 0.56640625 0.50625 0.10703125 0.08984375
2 0.59765625 0.3265625 0.12265625 0.0859375
2 0.6859375 0.4078125 0.09140625 0.084375
5 0.41328125 0.465625 0.18125 0.1546875
5 0.903125 0.203125 0.19375 0.390625
5 0.39375 0.0609375 0.1734375 0.12109375
2 0.24453125 0.3015625 0.15625 0.13125
2 0.18828125 0.51953125 0.12890625 0.12734375
2 0.0453125 0.546875 0.08984375 0.13046875
0 0.32734375 0.83046875 0.13671875 0.11953125
2 0.4828125 0.628125 0.09375 0.084375