1 0.70390625 0.66484375 0.35 0.334375
4 0.10546875 0.3890625 0.2109375 0.16796875
2 0.715625 0.84921875 0.09296875 0.115625
1 0.63671875 0.5484375 0.30625 0.140625
2 0.61171875 0.9 0.11171875 0.09765625
2 0.7578125 0.940625 0.103125 0.1
1 0.2875 0.9203125 0.084375 0.10546875
1 0.46796875 0.2796875 0.5390625 0.22265625
1 0.12578125 0.83203125 0.2515625 0.3359375
2 0.296875 0.61171875 0.078125 0.08203125
2 0.08515625 0.53515625 0.11328125 0.1203125
2 0.76953125 0.76484375 0.078125 0.0875
3 0.28671875 0.51484375 0.05078125 0.0640625
1 0.825 0.32109375 0.2734375 0.31875
2 0.415625 0.92421875 0.165625 0.14375
2 0.89140625 0.79609375 0.109375 0.1484375
2 0.93046875 0.6109375 0.10546875 0.10546875
1 0.303125 0.7625 0.228125 0.25390625
2 0.50859375 0.803125 0.115625 0.134375