2 0.7765625 0.94296875 0.1 0.0796875
1 0.81015625 0.39765625 0.096875 0.1015625
2 0.3671875 0.02734375 0.10546875 0.05390625
1 0.24609375 0.1390625 0.184375 0.1484375
1 0.71328125 0.35625 0.09453125 0.08515625
1 0.5671875 0.7125 0.240625 0.13125
1 0.69140625 0.50390625 0.11328125 0.13125
1 0.54765625 0.92421875 0.14140625 0.11796875
1 0.2046875 0.79375 0.1390625 0.12890625
1 0.6078125 0.321875 0.121875 0.0828125
1 0.69140625 0.0453125 0.1640625 0.08984375
2 0.40546875 0.25859375 0.103125 0.096875
2 0.54921875 0.2484375 0.1109375 0.08359375
1 0.90703125 0.4921875 0.1015625 0.07421875
1 0.7609375 0.16640625 0.20546875 0.1515625
1 0.03046875 0.11640625 0.0609375 0.0609375
1 0.6703125 0.0015625 0.1 0.003125
1 0.809375 0.7234375 0.13203125 0.2453125
1 0.2265625 0.2640625 0.078125 0.12890625
1 0.19921875 0.00703125 0.08203125 0.0140625
1 0.32109375 0.9515625 0.09921875 0.09375
1 0.3078125 0.484375 0.1640625 0.3453125
1 0.1875 0.95703125 0.10546875 0.084375
1 0.3828125 0.79921875 0.1453125 0.12890625
2 0.86015625 0.96328125 0.09296875 0.0734375
1 0.84453125 0.25234375 0.12734375 0.15859375
1 0.54921875 0.07421875 0.1484375 0.1296875
1 0.03671875 0.225 0.0734375 0.13046875
2 0.46171875 0.1921875 0.10234375 0.08984375
2 0.95546875 0.33203125 0.08046875 0.09453125
2 0.959375 0.57421875 0.08046875 0.084375
3 0.73828125 0.9796875 0.046875 0.040625
3 0.98203125 0.6625 0.0359375 0.053125
3 0.92578125 0.3640625 0.04453125 0.04609375
3 0.75625 0.0625 0.03515625 0.0546875
3 0.7984375 0.0953125 0.05625 0.05859375
3 0.51640625 0.2921875 0.078125 0.04921875
3 0.10625 0.93984375 0.065625 0.06328125
1 0.0703125 0.90390625 0.140625 0.134375
1 0.946875 0.84296875 0.10546875 0.0921875