2 0.940625 0.22109375 0.05390625 0.1109375
1 0.61328125 0.06953125 0.303125 0.1390625
1 0.3859375 0.01484375 0.0609375 0.0296875
2 0.41484375 0.53515625 0.11484375 0.14765625
2 0.490625 0.40859375 0.084375 0.0796875
2 0.44375 0.2296875 0.10234375 0.115625
2 0.19609375 0.803125 0.06953125 0.0921875
2 0.971875 0.48515625 0.05625 0.0859375
2 0.928125 0.30703125 0.05625 0.071875
2 0.1265625 0.7125 0.0609375 0.0703125
2 0.5765625 0.35390625 0.078125 0.0921875
2 0.56171875 0.53359375 0.078125 0.115625
2 0.41953125 0.66796875 0.1078125 0.11875
2 0.871875 0.2125 0.0296875 0.03515625
2 0.89375 0.0546875 0.175 0.0796875
3 0.65 0.5234375 0.040625 0.0390625
3 0.48515625 0.6328125 0.04296875 0.04140625