1 0.48203125 0.3609375 0.2171875 0.128125
1 0.29140625 0.33984375 0.12109375 0.08359375
1 0.1859375 0.33671875 0.08046875 0.0640625
1 0.24296875 0.10703125 0.18203125 0.1328125
1 0.47421875 0.15390625 0.1484375 0.0765625
1 0.43125 0.0515625 0.08359375 0.08046875
1 0.62734375 0.103125 0.1171875 0.07265625
1 0.7453125 0.0765625 0.1625 0.078125
1 0.93359375 0.7 0.11875 0.19609375
1 0.84453125 0.60859375 0.12890625 0.06640625
1 0.72734375 0.765625 0.08359375 0.06015625
1 0.78984375 0.9296875 0.1296875 0.11015625
1 0.57109375 0.9109375 0.0484375 0.178125
1 0.4875 0.88828125 0.065625 0.1703125
1 0.590625 0.7609375 0.071875 0.07109375
1 0.52421875 0.74140625 0.07734375 0.0734375
1 0.48359375 0.70625 0.065625 0.09453125
1 0.40703125 0.67421875 0.12890625 0.1109375
1 0.25234375 0.64921875 0.14765625 0.10234375
1 0.240625 0.465625 0.11953125 0.12109375
1 0.0796875 0.45625 0.10390625 0.084375
1 0.06953125 0.5328125 0.1265625 0.1125
1 0.15859375 0.61953125 0.1125 0.15859375
1 0.09609375 0.7296875 0.0828125 0.134375
1 0.03828125 0.65 0.0765625 0.11484375
1 0.09765625 0.84765625 0.1953125 0.0859375
1 0.23203125 0.85 0.11640625 0.0890625
1 0.20234375 0.95546875 0.134375 0.08828125
1 0.06953125 0.94453125 0.1390625 0.1
1 0.0609375 0.1578125 0.0859375 0.171875
1 0.0234375 0.3328125 0.046875 0.1078125
2 0.57734375 0.24296875 0.08671875 0.065625
2 0.65 0.3390625 0.07109375 0.07890625
2 0.68046875 0.2546875 0.07734375 0.06640625
2 0.725 0.35859375 0.071875 0.10625
2 0.77734375 0.2578125 0.0734375 0.0625
2 0.8875 0.22109375 0.08203125 0.07734375
2 0.8859375 0.3125 0.09296875 0.0625
2 0.9796875 0.278125 0.040625 0.0796875
2 0.96875 0.34609375 0.0625 0.07265625
2 0.9609375 0.9328125 0.078125 0.0765625
2 0.39921875 0.875 0.07734375 0.08046875
1 0.328125 0.84140625 0.08515625 0.06640625
3 0.72734375 0.6765625 0.05390625 0.05390625