2 0.403125 0.5203125 0.09296875 0.090625
2 0.68125 0.2890625 0.08125 0.10234375
2 0.56875 0.428125 0.06953125 0.0953125
2 0.625 0.70625 0.046875 0.0640625
2 0.54609375 0.78984375 0.03515625 0.0328125
2 0.4375 0.6125 0.0453125 0.0484375
2 0.3890625 0.896875 0.11171875 0.0546875
2 0.75625 0.52265625 0.0546875 0.0875
2 0.35078125 0.13203125 0.0484375 0.0390625
5 0.928125 0.3734375 0.12890625 0.11328125
2 0.7890625 0.63125 0.05625 0.09375
2 0.88671875 0.60703125 0.05 0.06015625
2 0.46875 0.084375 0.06875 0.06015625
2 0.728125 0.41171875 0.08203125 0.07421875
2 0.36875 0.0265625 0.084375 0.053125
2 0.45234375 0.7953125 0.053125 0.05859375
2 0.32734375 0.95390625 0.0484375 0.0859375
2 0.33984375 0.0890625 0.05703125 0.0453125
2 0.6546875 0.84453125 0.0546875 0.0703125
2 0.70078125 0.0484375 0.10859375 0.09453125
2 0.79453125 0.803125 0.11171875 0.0765625
5 0.54765625 0.5890625 0.15234375 0.184375
2 0.43984375 0.70546875 0.0609375 0.07421875
2 0.6171875 0.12109375 0.08046875 0.08359375
2 0.490625 0.1625 0.08203125 0.084375
3 0.50078125 0.6390625 0.06875 0.1015625
3 0.690625 0.55078125 0.0484375 0.0625
3 0.65625 0.409375 0.04453125 0.06875
3 0.7375 0.64375 0.04296875 0.08203125
2 0.4109375 0.4390625 0.0609375 0.06640625
2 0.82890625 0.93984375 0.13125 0.11953125
4 0.6703125 0.96171875 0.1078125 0.0765625