1 0.76875 0.9453125 0.2328125 0.109375
1 0.93125 0.86328125 0.1328125 0.1984375
1 0.20625 0.72265625 0.1125 0.14296875
1 0.32734375 0.6203125 0.11484375 0.103125
1 0.3984375 0.71875 0.1453125 0.128125
1 0.55859375 0.61875 0.14765625 0.1265625
1 0.46796875 0.5015625 0.20234375 0.20234375
1 0.70703125 0.38671875 0.13359375 0.1515625
1 0.878125 0.26640625 0.20234375 0.1734375
1 0.79765625 0.2203125 0.14375 0.12578125
1 0.1 0.44453125 0.1390625 0.134375
1 0.21953125 0.6125 0.13984375 0.11953125
1 0.06328125 0.78828125 0.1265625 0.2203125
1 0.06953125 0.584375 0.1390625 0.19921875
1 0.06015625 0.20546875 0.08046875 0.08671875
2 0.6 0.86328125 0.115625 0.06875
2 0.4796875 0.8 0.109375 0.09609375
2 0.31015625 0.9046875 0.0921875 0.06875
2 0.2078125 0.8640625 0.06328125 0.06875
2 0.4453125 0.88203125 0.11640625 0.10390625
2 0.55390625 0.96796875 0.0953125 0.0640625