2 0.215625 0.6515625 0.06875 0.05625
2 0.128125 0.29609375 0.22109375 0.12109375
2 0.78046875 0.79296875 0.09296875 0.09296875
2 0.0515625 0.13984375 0.0609375 0.046875
2 0.44765625 0.36484375 0.0765625 0.0875
2 0.55859375 0.2359375 0.07421875 0.08125
2 0.778125 0.26328125 0.08984375 0.10234375
2 0.64140625 0.47109375 0.12265625 0.11015625
2 0.6328125 0.62734375 0.06875 0.11015625
2 0.34921875 0.1921875 0.0765625 0.0609375
2 0.69375 0.75625 0.1015625 0.0734375
2 0.215625 0.89609375 0.12421875 0.1
2 0.4078125 0.48203125 0.13046875 0.09609375
0 0.4546875 0.8359375 0.08515625 0.0765625
2 0.25 0.115625 0.1390625 0.0765625
2 0.0140625 0.14140625 0.02734375 0.0796875