1 0.37734375 0.32265625 0.04296875 0.1
2 0.521875 0.47578125 0.05625 0.0546875
1 0.3 0.11796875 0.0953125 0.1109375
2 0.87109375 0.6546875 0.0546875 0.05625
1 0.4765625 0.30859375 0.140625 0.09375
1 0.15 0.02578125 0.11328125 0.0515625
2 0.89453125 0.75078125 0.13125 0.11875
1 0.8671875 0.3265625 0.053125 0.0625
1 0.53046875 0.053125 0.0703125 0.10625
2 0.9703125 0.6109375 0.0375 0.1046875
1 0.96328125 0.3703125 0.0734375 0.146875
2 0.9140625 0.57421875 0.06875 0.0625
2 0.7953125 0.45390625 0.071875 0.0765625
2 0.93203125 0.4921875 0.05078125 0.06640625
1 0.36328125 0.884375 0.1421875 0.0484375
1 0.3984375 0.79453125 0.109375 0.075
1 0.68046875 0.5515625 0.2 0.2640625
1 0.1953125 0.92734375 0.15078125 0.121875
1 0.51484375 0.91484375 0.09765625 0.134375
2 0.709375 0.3546875 0.06875 0.0859375
1 0.19921875 0.79453125 0.1703125 0.1546875
1 0.30078125 0.71484375 0.11953125 0.1296875
1 0.3640625 0.96171875 0.08984375 0.0765625
3 0.98828125 0.46171875 0.0234375 0.03515625
3 0.75546875 0.3109375 0.04296875 0.03515625
2 0.646875 0.21875 0.05625 0.06640625
2 0.6390625 0.35 0.05859375 0.04765625
1 0.67265625 0.078125 0.0609375 0.0484375
2 0.66953125 0.14609375 0.06015625 0.05625
0 0.08828125 0.46640625 0.17578125 0.28984375
2 0.64296875 0.29296875 0.06015625 0.05703125
2 0.775 0.375 0.0515625 0.06953125
3 0.828125 0.0890625 0.05 0.0484375
1 0.46875 0.21953125 0.140625 0.11328125
2 0.92421875 0.0453125 0.0828125 0.08984375
2 0.865625 0.22890625 0.078125 0.08359375
2 0.91015625 0.1171875 0.09140625 0.08125