2 0.6890625 0.16796875 0.0546875 0.1390625
2 0.84375 0.51796875 0.121875 0.05625
2 0.87578125 0.61640625 0.08203125 0.1125
2 0.7328125 0.94375 0.05625 0.0921875
2 0.2328125 0.26171875 0.0609375 0.08046875
2 0.696875 0.31171875 0.0484375 0.09765625
2 0.59609375 0.06640625 0.1515625 0.109375
2 0.17421875 0.0859375 0.10859375 0.17109375
2 0.5953125 0.45078125 0.10859375 0.1140625
2 0.43046875 0.46328125 0.1171875 0.11796875
2 0.31171875 0.49453125 0.0984375 0.11171875
2 0.06875 0.734375 0.1375 0.128125
2 0.0375 0.50859375 0.06640625 0.19921875
2 0.24140625 0.8109375 0.09375 0.1375
2 0.928125 0.89375 0.06796875 0.08828125
2 0.95859375 0.37890625 0.0828125 0.21875
2 0.4359375 0.68359375 0.1 0.0734375
2 0.8375 0.43125 0.12109375 0.078125
2 0.603125 0.646875 0.11796875 0.08515625
2 0.5296875 0.2578125 0.078125 0.11328125
2 0.1515625 0.62890625 0.07578125 0.0921875
2 0.8 0.92421875 0.0453125 0.08359375
3 0.04296875 0.76328125 0.06484375 0.04921875
3 0.6109375 0.52578125 0.08359375 0.05234375
3 0.65390625 0.79140625 0.06796875 0.04921875
3 0.76015625 0.21640625 0.0625 0.08828125