4 0.171875 0.77421875 0.34375 0.321875
4 0.54296875 0.29921875 0.421875 0.3296875
4 0.21015625 0.58203125 0.0765625 0.078125
2 0.7703125 0.95390625 0.103125 0.0921875
0 0.2796875 0.36796875 0.05859375 0.1015625
2 0.4125 0.92265625 0.0765625 0.109375
2 0.87109375 0.4734375 0.07421875 0.07421875
2 0.578125 0.6546875 0.0625 0.07421875
2 0.88984375 0.71171875 0.0875 0.07421875
2 0.78515625 0.759375 0.08984375 0.078125
2 0.6578125 0.93828125 0.109375 0.1234375
2 0.9609375 0.80546875 0.078125 0.084375
4 0.23515625 0.95390625 0.2078125 0.0921875