1 0.48046875 0.859375 0.08984375 0.196875
5 0.80546875 0.59453125 0.36953125 0.2828125
1 0.4203125 0.42265625 0.10546875 0.06640625
1 0.43046875 0.2953125 0.071875 0.09375
1 0.20390625 0.3140625 0.0796875 0.06875
1 0.0859375 0.47578125 0.078125 0.10546875
1 0.00390625 0.95703125 0.0078125 0.0859375
2 0.96015625 0.23671875 0.0796875 0.071875
2 0.77734375 0.02265625 0.0640625 0.0453125
2 0.49609375 0.47734375 0.1640625 0.0765625
5 0.27265625 0.8984375 0.21484375 0.196875
1 0.096875 0.9171875 0.109375 0.13671875
1 0.12421875 0.82421875 0.10546875 0.125
1 0.15703125 0.7515625 0.1109375 0.07421875
1 0.1984375 0.7015625 0.11484375 0.096875
1 0.2640625 0.6359375 0.096875 0.090625
1 0.29296875 0.6046875 0.1109375 0.11015625
1 0.36640625 0.534375 0.11640625 0.1046875
1 0.425 0.3609375 0.1 0.0859375
1 0.25703125 0.46796875 0.0953125 0.115625
1 0.17578125 0.58671875 0.14453125 0.15
1 0.453125 0.2109375 0.1 0.08984375
1 0.15703125 0.28125 0.075 0.08515625
1 0.04140625 0.28515625 0.0828125 0.1171875
1 0.06328125 0.35546875 0.08359375 0.09453125
1 0.05 0.70390625 0.1 0.10625
1 0.03125 0.83125 0.06171875 0.1796875
2 0.459375 0.02421875 0.06875 0.0484375
2 0.34765625 0.22734375 0.10390625 0.125
2 0.359375 0.10859375 0.10703125 0.0875
2 0.90546875 0.1453125 0.0703125 0.0984375
1 0.29609375 0.36171875 0.1484375 0.11796875