2 0.0390625 0.7890625 0.0703125 0.0796875
2 0.04453125 0.35 0.08828125 0.10625
4 0.628125 0.209375 0.74375 0.41796875
4 0.690625 0.59375 0.1859375 0.28046875
2 0.05390625 0.95078125 0.1078125 0.0984375
2 0.0671875 0.59609375 0.134375 0.1203125
2 0.27265625 0.88359375 0.0921875 0.1171875
2 0.79921875 0.790625 0.13125 0.11875
2 0.23046875 0.7375 0.078125 0.1015625
2 0.1921875 0.13046875 0.0640625 0.084375
2 0.16796875 0.9546875 0.1546875 0.090625
2 0.06015625 0.0640625 0.1203125 0.08203125
2 0.16640625 0.32734375 0.121875 0.1421875
2 0.17109375 0.59140625 0.1078125 0.10390625
3 0.02578125 0.42265625 0.0515625 0.0484375