1 0.09765625 0.428125 0.18984375 0.21171875
1 0.18671875 0.1890625 0.1265625 0.2265625
2 0.171875 0.93203125 0.0765625 0.1265625
1 0.603125 0.684375 0.2515625 0.1484375
1 0.90234375 0.7828125 0.1953125 0.11171875
2 0.2734375 0.86953125 0.11640625 0.07421875
1 0.9296875 0.2234375 0.0921875 0.0796875
1 0.7984375 0.5546875 0.09375 0.0953125
2 0.85 0.01640625 0.103125 0.0328125
2 0.928125 0.92109375 0.14296875 0.15
2 0.51171875 0.87890625 0.06875 0.0703125
2 0.509375 0.9734375 0.21328125 0.053125
2 0.959375 0.69140625 0.08046875 0.07890625
4 0.628125 0.840625 0.128125 0.0890625
1 0.5328125 0.015625 0.140625 0.03125
2 0.0484375 0.8828125 0.09609375 0.1078125
2 0.9546875 0.61015625 0.08984375 0.075
1 0.853125 0.3265625 0.1109375 0.2359375
1 0.7125 0.48828125 0.3375 0.16171875
1 0.6296875 0.325 0.2921875 0.17109375
2 0.8609375 0.1046875 0.1171875 0.09296875
1 0.6609375 0.10859375 0.24375 0.2171875
3 0.44375 0.2359375 0.06484375 0.06484375
3 0.475 0.8375 0.05703125 0.0375