2 0.03984375 0.425 0.0796875 0.1171875
2 0.2296875 0.20078125 0.0640625 0.13203125
2 0.30859375 0.13359375 0.06640625 0.10546875
0 0.2640625 0.63203125 0.0953125 0.071875
2 0.24453125 0.078125 0.05234375 0.06875
2 0.2453125 0.02265625 0.084375 0.0453125
2 0.8765625 0.4453125 0.16015625 0.13203125
0 0.24140625 0.43828125 0.1171875 0.23046875
2 0.33359375 0.26015625 0.1421875 0.13671875
3 0.31328125 0.4625 0.0328125 0.0515625
0 0.6265625 0.1828125 0.20234375 0.303125
0 0.3375 0.39296875 0.07265625 0.10078125
0 0.15 0.8203125 0.1625 0.234375
2 0.459375 0.23515625 0.08203125 0.07421875
2 0.0984375 0.28984375 0.1828125 0.1171875