1 0.4984375 0.85078125 0.25390625 0.20703125
2 0.67578125 0.096875 0.115625 0.07421875
2 0.59140625 0.6640625 0.078125 0.084375
2 0.18671875 0.06171875 0.0640625 0.0765625
2 0.13203125 0.6859375 0.03515625 0.0375
2 0.240625 0.696875 0.1328125 0.05859375
2 0.23046875 0.2109375 0.046875 0.0390625
2 0.23125 0.5796875 0.084375 0.07890625
1 0.7921875 0.8703125 0.30859375 0.1421875
2 0.46796875 0.23828125 0.06640625 0.06640625
2 0.371875 0.23359375 0.0625 0.0765625
2 0.090625 0.5578125 0.18125 0.134375
2 0.3640625 0.528125 0.1015625 0.2828125
2 0.2375 0.39453125 0.11328125 0.084375
2 0.125 0.38671875 0.078125 0.0859375
2 0.03203125 0.3234375 0.0640625 0.0625
2 0.0203125 0.4046875 0.040625 0.0609375
2 0.11171875 0.46171875 0.08515625 0.0640625
2 0.6515625 0.48359375 0.16796875 0.0921875
2 0.10078125 0.21015625 0.0796875 0.040625
2 0.165625 0.2140625 0.02734375 0.0390625
2 0.26875 0.2546875 0.071875 0.0484375
2 0.5109375 0.48828125 0.05625 0.1171875
2 0.834375 0.2578125 0.08203125 0.0765625
2 0.9 0.38515625 0.08203125 0.053125
2 0.7625 0.3671875 0.053125 0.0453125
2 0.93046875 0.2828125 0.05859375 0.0453125
1 0.009375 0.93203125 0.01875 0.1015625
2 0.46875 0.640625 0.05859375 0.12109375
4 0.628125 0.73671875 0.1359375 0.0796875
4 0.6859375 0.6578125 0.046875 0.05625
2 0.784375 0.72109375 0.05625 0.053125
2 0.86875 0.746875 0.0859375 0.0625
4 0.915625 0.60703125 0.0765625 0.0609375
4 0.7921875 0.6125 0.0953125 0.07421875
2 0.39296875 0.04375 0.115625 0.0875
2 0.41953125 0.18359375 0.071875 0.0625
4 0.15078125 0.88828125 0.3015625 0.1640625
3 0.09453125 0.728125 0.0609375 0.09609375
3 0.55625 0.57578125 0.03671875 0.03671875
3 0.55625 0.47578125 0.025 0.0484375
3 0.2203125 0.646875 0.06015625 0.03125
3 0.17890625 0.48125 0.0328125 0.0328125