2 0.29921875 0.53125 0.025 0.0234375
2 0.8125 0.65234375 0.0484375 0.0703125
2 0.03125 0.14296875 0.0625 0.1140625
2 0.0765625 0.7203125 0.103125 0.103125
2 0.06328125 0.56953125 0.071875 0.11015625
2 0.09921875 0.034375 0.10625 0.06875
2 0.52734375 0.571875 0.0765625 0.1265625
2 0.6 0.578125 0.0609375 0.1078125
2 0.525 0.71640625 0.05625 0.0875
2 0.60390625 0.71484375 0.065625 0.096875
2 0.41953125 0.56875 0.0953125 0.1140625
2 0.2859375 0.26484375 0.1 0.11171875
2 0.31953125 0.03046875 0.08203125 0.0609375
2 0.27578125 0.7125 0.07578125 0.13515625
2 0.43046875 0.72890625 0.09375 0.06953125
2 0.07578125 0.3078125 0.0953125 0.11875
2 0.23203125 0.54453125 0.07890625 0.09453125
3 0.1140625 0.62734375 0.053125 0.06796875
3 0.275 0.61015625 0.03671875 0.01953125
3 0.41796875 0.63125 0.046875 0.0234375
3 0.77734375 0.58515625 0.046875 0.0375
3 0.30390625 0.3453125 0.03515625 0.0328125