2 0.28125 0.31328125 0.08828125 0.084375
2 0.18359375 0.40078125 0.07578125 0.09375
2 0.40703125 0.2828125 0.10546875 0.09375
2 0.40234375 0.396875 0.09140625 0.08046875
2 0.1734375 0.51953125 0.08828125 0.078125
2 0.26015625 0.51796875 0.0859375 0.06015625
2 0.20078125 0.6234375 0.109375 0.1578125
2 0.36484375 0.54296875 0.13046875 0.18515625
2 0.4703125 0.50859375 0.09609375 0.1421875
2 0.20703125 0.74609375 0.09140625 0.08828125
2 0.196875 0.85859375 0.08203125 0.0921875
2 0.2890625 0.7015625 0.07265625 0.1546875
2 0.63515625 0.453125 0.21328125 0.1328125
2 0.7328125 0.5390625 0.078125 0.13828125
2 0.61796875 0.5796875 0.0609375 0.05703125
2 0.5296875 0.65 0.1109375 0.0859375
2 0.396875 0.909375 0.13125 0.0953125
2 0.5625 0.7546875 0.20078125 0.10546875
2 0.79296875 0.625 0.06796875 0.0625
0 0.49296875 0.85234375 0.08984375 0.1109375
0 0.39453125 0.6921875 0.10390625 0.13671875
0 0.48984375 0.390625 0.05703125 0.06484375
2 0.2671875 0.834375 0.06015625 0.06484375