2 0.53125 0.8 0.1703125 0.1328125
2 0.046875 0.30859375 0.04453125 0.05703125
2 0.3046875 0.60625 0.09375 0.078125
2 0.28515625 0.2328125 0.07109375 0.07734375
2 0.95546875 0.13125 0.0625 0.07265625
2 0.93125 0.20625 0.06640625 0.0609375
2 0.77734375 0.37734375 0.0609375 0.0609375
2 0.31953125 0.06875 0.08984375 0.06796875
2 0.90546875 0.85625 0.0625 0.06015625
2 0.36328125 0.8765625 0.0703125 0.07109375
2 0.11796875 0.196875 0.053125 0.0609375
2 0.2734375 0.390625 0.05625 0.0625
2 0.2328125 0.9046875 0.07890625 0.08359375
2 0.7546875 0.209375 0.0953125 0.084375
2 0.12421875 0.63203125 0.0984375 0.07890625
2 0.4421875 0.9578125 0.13671875 0.084375
2 0.9375 0.58203125 0.05859375 0.09140625
1 0.46796875 0.409375 0.3296875 0.19765625
2 0.15703125 0.84765625 0.0796875 0.0921875
2 0.853125 0.38515625 0.05859375 0.0625
2 0.821875 0.4796875 0.07265625 0.0671875
2 0.290625 0.15078125 0.06875 0.053125
2 0.5171875 0.6078125 0.075 0.0796875
2 0.896875 0.93515625 0.0765625 0.0640625
2 0.209375 0.38984375 0.071875 0.0875
2 0.48671875 0.0828125 0.05859375 0.053125
2 0.50390625 0.128125 0.05859375 0.053125
2 0.728125 0.84296875 0.11328125 0.06328125
2 0.80390625 0.09765625 0.05625 0.08515625
2 0.65 0.1328125 0.05625 0.05625
2 0.0640625 0.17734375 0.0296875 0.084375
2 0.3390625 0.76875 0.07578125 0.09375
2 0.165625 0.20859375 0.03671875 0.06171875
2 0.14609375 0.76171875 0.0703125 0.078125
2 0.70234375 0.984375 0.06484375 0.03125
2 0.70390625 0.903125 0.0828125 0.05625
2 0.10078125 0.32421875 0.046875 0.04296875
2 0.03125 0.115625 0.0390625 0.08828125
2 0.62578125 0.0203125 0.0140625 0.01171875
2 0.10546875 0.0984375 0.096875 0.04453125
2 0.2328125 0.1890625 0.025 0.0234375
2 0.14375 0.3703125 0.065625 0.09375
2 0.60390625 0.603125 0.075 0.07421875
2 0.89453125 0.11171875 0.06640625 0.06640625
2 0.6796875 0.25546875 0.04140625 0.034375
2 0.65859375 0.034375 0.059375 0.05625
2 0.72109375 0.071875 0.0421875 0.0609375
2 0.66015625 0.190625 0.0703125 0.05625
2 0.603125 0.1015625 0.0328125 0.025
2 0.86484375 0.3265625 0.07421875 0.0609375
2 0.9125 0.26875 0.0828125 0.05546875
2 0.415625 0.60625 0.08203125 0.06875
2 0.9625 0.75 0.07421875 0.1453125
2 0.21953125 0.02734375 0.05390625 0.046875
2 0.090625 0.85859375 0.053125 0.05390625
2 0.0484375 0.72265625 0.0765625 0.06875
2 0.31640625 0.96953125 0.06875 0.0609375
2 0.7421875 0.634375 0.07421875 0.16796875
2 0.73515625 0.77578125 0.0640625 0.05
2 0.52890625 0.1765625 0.05859375 0.06640625
2 0.88984375 0.9890625 0.06875 0.021875