1 0.41484375 0.846875 0.3015625 0.30625
1 0.228125 0.909375 0.17265625 0.18046875
1 0.0890625 0.5640625 0.1734375 0.23359375
1 0.3171875 0.58125 0.34765625 0.253125
1 0.78671875 0.2453125 0.14140625 0.15078125
1 0.90390625 0.2671875 0.09296875 0.09609375
1 0.0640625 0.14609375 0.121875 0.1265625
2 0.83984375 0.82578125 0.11953125 0.14140625
2 0.94296875 0.96328125 0.0453125 0.04296875
2 0.71953125 0.378125 0.071875 0.06328125
2 0.2609375 0.22734375 0.10234375 0.0515625
2 0.26484375 0.12109375 0.07578125 0.03203125
2 0.36953125 0.071875 0.046875 0.0421875
2 0.43515625 0.03359375 0.09453125 0.06171875
1 0.38359375 0.19609375 0.16015625 0.1
1 0.1671875 0.34453125 0.20546875 0.23203125
1 0.63515625 0.271875 0.10859375 0.10703125
1 0.8828125 0.08671875 0.1171875 0.11796875
1 0.61640625 0.8140625 0.1375 0.146875
1 0.52890625 0.6359375 0.1171875 0.1125
1 0.47578125 0.33125 0.14765625 0.15703125
2 0.62265625 0.43515625 0.05390625 0.0765625
1 0.15625 0.08671875 0.09375 0.115625
1 0.28984375 0.05390625 0.1234375 0.1078125