1 0.30546875 0.05625 0.1359375 0.1125
1 0.35625 0.3203125 0.265625 0.4078125
1 0.603125 0.26328125 0.18515625 0.3
1 0.6671875 0.0578125 0.10546875 0.115625
2 0.18515625 0.58359375 0.11640625 0.1046875
2 0.17578125 0.67890625 0.11640625 0.1078125
2 0.1921875 0.77265625 0.09375 0.090625
2 0.18046875 0.87734375 0.1078125 0.10625
2 0.315625 0.67890625 0.071875 0.0796875
2 0.28828125 0.58828125 0.1140625 0.06953125
2 0.39765625 0.59921875 0.078125 0.09453125
2 0.3953125 0.70078125 0.1046875 0.07734375
2 0.46875 0.57890625 0.0640625 0.0640625
1 0.584375 0.64921875 0.1578125 0.096875
1 0.615625 0.78359375 0.1234375 0.08515625
1 0.46640625 0.81015625 0.1359375 0.084375
1 0.32890625 0.8265625 0.0921875 0.0828125
1 0.4828125 0.93828125 0.19140625 0.1234375
1 0.31875 0.93203125 0.1125 0.10390625
1 0.69921875 0.934375 0.190625 0.13125
1 0.765625 0.7984375 0.10703125 0.1203125
1 0.96796875 0.73515625 0.0640625 0.30625
3 0.1484375 0.88046875 0.05234375 0.08203125
3 0.14453125 0.659375 0.0515625 0.05234375
3 0.5234375 0.5953125 0.03828125 0.05703125
3 0.959375 0.834375 0.04921875 0.071875
3 0.965625 0.75078125 0.05625 0.0609375
3 0.96171875 0.63515625 0.034375 0.04765625
3 0.10859375 0.9796875 0.05625 0.040625