3 0.828125 0.06328125 0.08046875 0.05625
2 0.646875 0.31640625 0.06171875 0.11875
2 0.50234375 0.421875 0.08984375 0.1296875
2 0.0265625 0.7640625 0.053125 0.06875
2 0.57421875 0.10625 0.08359375 0.075
2 0.90546875 0.25546875 0.0484375 0.040625
2 0.17578125 0.5171875 0.09375 0.0875
5 0.45 0.05546875 0.128125 0.1109375
2 0.14765625 0.0328125 0.10546875 0.0625
2 0.275 0.0796875 0.0546875 0.05625
2 0.196875 0.71953125 0.0703125 0.05078125
2 0.6984375 0.06796875 0.09140625 0.07109375
2 0.51484375 0.54609375 0.10234375 0.1
2 0.06015625 0.6421875 0.08359375 0.11796875
2 0.06328125 0.39921875 0.0625 0.0609375
2 0.021875 0.2296875 0.04296875 0.11328125
2 0.8328125 0.1296875 0.08203125 0.03515625
2 0.48515625 0.2265625 0.11171875 0.065625
2 0.9203125 0.14609375 0.06875 0.05625
2 0.38515625 0.55859375 0.115625 0.16796875
2 0.27265625 0.28515625 0.13125 0.084375
2 0.11640625 0.275 0.0671875 0.08984375
2 0.12890625 0.72109375 0.06640625 0.08203125
2 0.2453125 0.39453125 0.0953125 0.09296875
3 0.5296875 0.63125 0.05859375 0.07578125
3 0.5421875 0.27421875 0.05078125 0.03515625
3 0.6828125 0.35546875 0.0484375 0.03359375
3 0.85859375 0.18046875 0.05078125 0.0484375
3 0.34609375 0.0328125 0.04921875 0.04140625
3 0.059375 0.34765625 0.05078125 0.046875
3 0.14375 0.65390625 0.053125 0.03671875
2 0.98125 0.28125 0.0375 0.08359375