1 0.4359375 0.92578125 0.17578125 0.1453125
1 0.27734375 0.9234375 0.15859375 0.13984375
1 0.81328125 0.76171875 0.20546875 0.125
1 0.9203125 0.9078125 0.09375 0.18359375
1 0.61171875 0.784375 0.11484375 0.10078125
1 0.50234375 0.61875 0.1125 0.10546875
2 0.41015625 0.4015625 0.09765625 0.0828125
1 0.43828125 0.57421875 0.07109375 0.06015625
2 0.33828125 0.29375 0.11015625 0.10546875
1 0.365625 0.52578125 0.08515625 0.08828125
2 0.26953125 0.23046875 0.09921875 0.1
1 0.0296875 0.43671875 0.05859375 0.06875
1 0.1265625 0.37109375 0.08125 0.1
1 0.18203125 0.3921875 0.10546875 0.128125
1 0.284375 0.46328125 0.11328125 0.12890625
1 0.07734375 0.50703125 0.10078125 0.11875
1 0.190625 0.5203125 0.1625 0.11875
1 0.25546875 0.6359375 0.1140625 0.15390625
1 0.0703125 0.7046875 0.0984375 0.21171875
1 0.2171875 0.8 0.1015625 0.11328125
2 0.3421875 0.7171875 0.08671875 0.1015625
1 0.22109375 0.0625 0.15390625 0.12421875
1 0.14609375 0.1875 0.1109375 0.12421875
3 0.3015625 0.31796875 0.075 0.06015625
5 0.78125 0.3078125 0.4375 0.61484375