2 0.76328125 0.08359375 0.10546875 0.07734375
2 0.64140625 0.1609375 0.10625 0.0953125
2 0.503125 0.153125 0.08671875 0.08984375
2 0.4046875 0.1328125 0.084375 0.09765625
2 0.284375 0.08671875 0.08359375 0.10703125
2 0.134375 0.23359375 0.0859375 0.09609375
2 0.17109375 0.06875 0.0859375 0.10390625
2 0.03828125 0.1 0.07265625 0.07734375
2 0.090625 0.4234375 0.0796875 0.08515625
2 0.2125 0.49296875 0.07890625 0.10390625
2 0.34375 0.265625 0.125 0.08515625
2 0.790625 0.240625 0.1125 0.0890625
2 0.79296875 0.13125 0.05078125 0.05078125
2 0.803125 0.42734375 0.09765625 0.11015625
2 0.8578125 0.553125 0.0609375 0.0765625
2 0.63046875 0.37734375 0.15703125 0.1296875
2 0.5015625 0.44375 0.09765625 0.13046875
2 0.4328125 0.36484375 0.0796875 0.0734375
2 0.3890625 0.4203125 0.075 0.12265625
2 0.3515625 0.51875 0.075 0.1265625
2 0.44765625 0.51875 0.08046875 0.1265625
2 0.55703125 0.66953125 0.1203125 0.1375
2 0.73203125 0.6703125 0.10703125 0.14375
2 0.915625 0.87890625 0.0921875 0.13203125
2 0.41875 0.75390625 0.0609375 0.08671875
2 0.35078125 0.73203125 0.0640625 0.084375
2 0.271875 0.721875 0.0578125 0.0578125
2 0.20625 0.7359375 0.08515625 0.07109375
2 0.13125 0.740625 0.0703125 0.065625
2 0.12265625 0.83359375 0.07890625 0.07109375
2 0.08671875 0.8828125 0.0859375 0.07109375
2 0.0484375 0.96015625 0.08515625 0.0703125
2 0.046875 0.61953125 0.09375 0.103125
2 0.071875 0.51953125 0.1078125 0.09140625
2 0.04296875 0.7234375 0.08515625 0.103125
1 0.25390625 0.93046875 0.20703125 0.1390625
1 0.54765625 0.88828125 0.20625 0.13515625
3 0.94765625 0.0390625 0.05859375 0.04921875
3 0.934375 0.60546875 0.0640625 0.08828125
3 0.45390625 0.7484375 0.034375 0.046875
3 0.0484375 0.75625 0.040625 0.05703125
3 0.19921875 0.571875 0.065625 0.08671875
3 0.26640625 0.6375 0.04921875 0.04765625
3 0.48359375 0.21328125 0.0484375 0.04609375
3 0.65625 0.24453125 0.06640625 0.0625
3 0.646875 0.428125 0.0609375 0.0359375