2 0.00078125 0.82421875 0.0015625 0.0328125
1 0.90390625 0.88515625 0.096875 0.128125
2 0.76640625 0.95859375 0.05859375 0.0828125
2 0.1453125 0.9078125 0.08203125 0.040625
2 0.159375 0.87578125 0.071875 0.046875
2 0.2359375 0.975 0.053125 0.05
2 0.0046875 0.7765625 0.009375 0.0625
2 0.93984375 0.70625 0.0765625 0.078125
2 0.271875 0.91484375 0.0796875 0.06640625
2 0.89609375 0.61953125 0.075 0.08828125
2 0.8359375 0.6890625 0.07578125 0.0859375
2 0.1796875 0.815625 0.071875 0.0953125
2 0.03828125 0.67109375 0.0765625 0.0765625
2 0.74921875 0.88203125 0.0453125 0.05859375
2 0.19609375 0.7453125 0.0640625 0.078125
2 0.3 0.86796875 0.05078125 0.040625
2 0.0078125 0.728125 0.015625 0.05078125
2 0.00390625 0.64765625 0.0078125 0.053125
2 0.8015625 0.85078125 0.06796875 0.0796875
2 0.0078125 0.20703125 0.015625 0.078125
1 0.38828125 0.3265625 0.2671875 0.2015625
2 0.15703125 0.16328125 0.0875 0.08984375
0 0.76328125 0.6625 0.0828125 0.0921875
2 0.08671875 0.27265625 0.040625 0.0703125
1 0.5765625 0.53671875 0.1671875 0.14921875
2 0.0765625 0.1453125 0.06640625 0.05625
2 0.11953125 0.753125 0.0609375 0.0390625
2 0.36171875 0.5140625 0.0765625 0.07421875
2 0.0609375 0.390625 0.04296875 0.0484375
2 0.16796875 0.41328125 0.053125 0.03125
2 0.36796875 0.6109375 0.08984375 0.0640625
1 0.06484375 0.48515625 0.0953125 0.0859375
1 0.6328125 0.6578125 0.109375 0.09375
2 0.23828125 0.58203125 0.06953125 0.09375
5 0.921875 0.13828125 0.15625 0.2765625
3 0.90546875 0.0328125 0.0921875 0.05078125
2 0.271875 0.484375 0.0703125 0.08203125
3 0.0765625 0.9328125 0.03828125 0.03671875
3 0.146875 0.96875 0.04375 0.0359375
3 0.35 0.5421875 0.08046875 0.059375