2 0.5890625 0.38671875 0.1578125 0.15625
3 0.59140625 0.428125 0.0703125 0.05625
3 0.67265625 0.834375 0.05859375 0.040625
2 0.3734375 0.0875 0.12734375 0.11171875
2 0.4890625 0.128125 0.1078125 0.10546875
2 0.63046875 0.209375 0.13046875 0.14296875
2 0.80625 0.225 0.16953125 0.1109375
2 0.75234375 0.3734375 0.125 0.109375
2 0.93515625 0.2953125 0.10703125 0.15
3 0.8125 0.303125 0.0625 0.03671875
2 0.3296875 0.2875 0.225 0.18203125
2 0.178125 0.7671875 0.2171875 0.13828125
2 0.91171875 0.86328125 0.1484375 0.171875
2 0.778125 0.8828125 0.09765625 0.10703125
2 0.665625 0.834375 0.140625 0.17578125
2 0.5453125 0.8640625 0.09140625 0.10546875
2 0.4359375 0.8578125 0.10546875 0.07578125
2 0.353125 0.80546875 0.1109375 0.1
2 0.0796875 0.86953125 0.08984375 0.10390625
2 0.1859375 0.92578125 0.125 0.10703125
2 0.2875 0.96015625 0.134375 0.07421875