1 0.50390625 0.16640625 0.11640625 0.1296875
1 0.62109375 0.13828125 0.0953125 0.1203125
1 0.78125 0.10546875 0.1484375 0.13046875
1 0.81328125 0.2921875 0.1625 0.1203125
1 0.55 0.32578125 0.09453125 0.12109375
1 0.6671875 0.31171875 0.09375 0.12578125
1 0.8625 0.4015625 0.253125 0.11171875
1 0.87734375 0.5234375 0.22890625 0.1015625
1 0.7109375 0.51328125 0.13046875 0.10859375
1 0.57265625 0.55859375 0.1125 0.084375
1 0.3953125 0.42109375 0.2078125 0.21484375
1 0.41875 0.55390625 0.13203125 0.0546875
2 0.41484375 0.69375 0.05546875 0.0640625
2 0.46796875 0.6859375 0.07421875 0.0703125
2 0.4734375 0.76015625 0.11015625 0.07265625
2 0.4765625 0.82734375 0.07890625 0.0875
2 0.846875 0.96796875 0.090625 0.06171875
2 0.70703125 0.96953125 0.1015625 0.0609375
2 0.03203125 0.3453125 0.0640625 0.0625
2 0.0453125 0.41875 0.07421875 0.0640625
2 0.22265625 0.6203125 0.09765625 0.1203125
1 0.28984375 0.95625 0.30703125 0.08671875
1 0.31796875 0.76171875 0.07421875 0.18046875
2 0.21640625 0.77265625 0.06953125 0.0828125
2 0.17109375 0.7921875 0.05390625 0.0828125
2 0.13671875 0.8390625 0.06640625 0.0890625
2 0.0484375 0.71328125 0.078125 0.05546875
2 0.06484375 0.665625 0.08828125 0.07265625
2 0.140625 0.60546875 0.08046875 0.075
2 0.0875 0.59921875 0.07109375 0.04453125
2 0.0296875 0.5671875 0.05859375 0.071875
2 0.06015625 0.546875 0.08046875 0.0640625
1 0.165625 0.5078125 0.16015625 0.10546875
2 0.59140625 0.69765625 0.09921875 0.0859375
2 0.86171875 0.684375 0.07578125 0.071875
2 0.76875 0.665625 0.06015625 0.0734375
2 0.8234375 0.7984375 0.0984375 0.0640625
1 0.6234375 0.9125 0.12578125 0.0890625
1 0.08828125 0.08359375 0.0875 0.13046875
1 0.13203125 0.1796875 0.08984375 0.103125
1 0.13671875 0.28671875 0.10078125 0.07734375
1 0.203125 0.35703125 0.09140625 0.12109375
2 0.1203125 0.41875 0.10078125 0.08359375
3 0.12890625 0.38828125 0.0625 0.0515625
3 0.0875 0.62578125 0.05859375 0.0484375
3 0.0453125 0.60234375 0.05625 0.05
3 0.23671875 0.559375 0.07578125 0.05859375
3 0.8296875 0.6953125 0.07421875 0.05546875
3 0.58203125 0.7625 0.0515625 0.07265625
1 0.38828125 0.1875 0.134375 0.15234375
1 0.27109375 0.2390625 0.0875 0.11875
1 0.28515625 0.08359375 0.1625 0.12890625