2 0.4859375 0.18984375 0.0640625 0.08203125
2 0.8625 0.8640625 0.1203125 0.103125
2 0.5328125 0.5859375 0.07421875 0.10859375
2 0.1359375 0.95625 0.08125 0.0875
2 0.109375 0.4078125 0.12109375 0.08046875
2 0.1515625 0.60078125 0.0890625 0.075
2 0.5078125 0.703125 0.08671875 0.07265625
2 0.31875 0.35859375 0.1109375 0.08203125
1 0.878125 0.3640625 0.24375 0.29140625
2 0.5140625 0.85703125 0.125 0.1125
2 0.8453125 0.496875 0.0765625 0.0765625
2 0.5046875 0.37734375 0.07421875 0.07265625
1 0.1171875 0.5125 0.1515625 0.0921875
1 0.253125 0.84609375 0.1 0.090625
3 0.25625 0.2265625 0.04921875 0.06484375
2 0.625 0.603125 0.0921875 0.103125
2 0.3484375 0.08828125 0.046875 0.05078125
2 0.4609375 0.77578125 0.08359375 0.09375
2 0.82421875 0.203125 0.07421875 0.06875
2 0.08203125 0.20234375 0.084375 0.06796875
2 0.6890625 0.39453125 0.084375 0.06640625
2 0.88984375 0.7828125 0.071875 0.08984375
2 0.2546875 0.93515625 0.10234375 0.071875
2 0.41796875 0.3671875 0.071875 0.0703125
2 0.06484375 0.1328125 0.1 0.07734375
2 0.3765625 0.54296875 0.0921875 0.06875
2 0.5640625 0.9609375 0.0953125 0.078125
2 0.59140625 0.36015625 0.078125 0.10703125
2 0.40859375 0.228125 0.071875 0.078125
2 0.9078125 0.684375 0.1203125 0.0765625
2 0.04765625 0.03515625 0.06796875 0.059375
3 0.69921875 0.728125 0.0625 0.0703125
2 0.578125 0.21171875 0.06875 0.06640625
2 0.80078125 0.97265625 0.1109375 0.05390625
2 0.253125 0.05390625 0.1 0.0609375
2 0.66171875 0.19375 0.06640625 0.0625
2 0.3109375 0.2375 0.0796875 0.09765625
2 0.39140625 0.621875 0.090625 0.0734375
2 0.696875 0.3125 0.071875 0.071875
2 0.171875 0.68515625 0.11640625 0.0734375
1 0.1359375 0.32734375 0.09140625 0.08515625
2 0.7328125 0.16875 0.06640625 0.0859375
2 0.1640625 0.77421875 0.12109375 0.07421875
3 0.01640625 0.16875 0.0296875 0.05859375
2 0.40546875 0.059375 0.06640625 0.0484375
2 0.403125 0.721875 0.0765625 0.10078125
3 0.82421875 0.76484375 0.06015625 0.06640625
2 0.7484375 0.6390625 0.12109375 0.0984375
2 0.76640625 0.4546875 0.065625 0.08125
1 0.93046875 0.575 0.1390625 0.115625
3 0.7546875 0.9359375 0.05859375 0.06796875
3 0.684375 0.971875 0.0875 0.05625
3 0.434375 0.52421875 0.05234375 0.0671875
3 0.02890625 0.53984375 0.05703125 0.06640625
2 0.96640625 0.096875 0.0671875 0.09375