2 0.79296875 0.8203125 0.11328125 0.0765625
2 0.36875 0.90390625 0.1203125 0.08125
2 0.6234375 0.75 0.1 0.12890625
2 0.03359375 0.6984375 0.053125 0.04296875
2 0.63125 0.41640625 0.07421875 0.0640625
3 0.5921875 0.5484375 0.0609375 0.05234375
3 0.828125 0.93984375 0.0328125 0.0234375
2 0.82578125 0.61640625 0.08671875 0.11171875
2 0.36640625 0.8375 0.078125 0.053125
2 0.1890625 0.9046875 0.09609375 0.06796875
2 0.571875 0.6546875 0.0921875 0.05625
2 0.6578125 0.5109375 0.0859375 0.09765625
2 0.509375 0.96015625 0.05859375 0.05078125
2 0.43359375 0.76640625 0.09765625 0.090625
2 0.3578125 0.6703125 0.1234375 0.08828125
2 0.2203125 0.7125 0.128125 0.13359375
2 0.1546875 0.65859375 0.07421875 0.0484375
2 0.07578125 0.9359375 0.109375 0.10078125
2 0.95078125 0.49140625 0.08984375 0.103125
2 0.8828125 0.89296875 0.13125 0.078125
2 0.91953125 0.21875 0.1609375 0.225
2 0.22734375 0.85234375 0.1390625 0.10859375
2 0.70703125 0.9546875 0.11875 0.08984375