4 0.803125 0.64453125 0.39296875 0.44375
1 0.5234375 0.52890625 0.09140625 0.12578125
1 0.4578125 0.55625 0.0921875 0.11875
1 0.38125 0.5890625 0.121875 0.12265625
1 0.46171875 0.38671875 0.1390625 0.13359375
1 0.33046875 0.4234375 0.128125 0.1484375
1 0.36640625 0.24765625 0.09921875 0.12890625
1 0.28671875 0.27265625 0.1171875 0.12265625
1 0.16015625 0.790625 0.11484375 0.128125
1 0.25234375 0.8796875 0.11640625 0.128125
1 0.334375 0.95234375 0.0921875 0.0953125
1 0.1328125 0.92890625 0.1015625 0.11015625
1 0.05234375 0.82265625 0.1046875 0.0734375
3 0.1390625 0.75234375 0.06328125 0.08828125
3 0.190625 0.96640625 0.04375 0.0671875
3 0.43046875 0.57421875 0.02890625 0.03515625
2 0.0546875 0.303125 0.109375 0.121875