2 0.765625 0.06015625 0.10859375 0.10546875
2 0.728125 0.11484375 0.13203125 0.115625
2 0.5578125 0.2640625 0.12734375 0.09296875
2 0.51953125 0.33046875 0.1234375 0.0921875
2 0.42578125 0.4484375 0.1046875 0.08828125
2 0.384375 0.51328125 0.125 0.0890625
2 0.33359375 0.578125 0.1203125 0.06796875
2 0.290625 0.65 0.1078125 0.08203125
2 0.41953125 0.81640625 0.07265625 0.08515625
2 0.5296875 0.95859375 0.0875 0.0828125
2 0.29296875 0.9640625 0.0953125 0.071875
2 0.628125 0.8484375 0.0921875 0.08515625
2 0.77734375 0.8859375 0.090625 0.06796875
2 0.915625 0.70546875 0.109375 0.078125
2 0.73359375 0.6546875 0.1125 0.0890625
2 0.59296875 0.56875 0.0875 0.0921875
2 0.66171875 0.4546875 0.09765625 0.09921875
2 0.71640625 0.41875 0.128125 0.1046875
2 0.73828125 0.33984375 0.1 0.11328125
2 0.7984375 0.2875 0.12734375 0.11328125
2 0.9171875 0.16796875 0.10078125 0.09140625
2 0.96171875 0.4015625 0.0765625 0.0765625
2 0.92890625 0.45859375 0.09296875 0.084375
2 0.89296875 0.521875 0.08125 0.0671875
2 0.84765625 0.5859375 0.08828125 0.07265625
3 0.68671875 0.69296875 0.04609375 0.040625
3 0.51953125 0.75859375 0.06484375 0.04921875
3 0.396875 0.8578125 0.06640625 0.053125
3 0.828125 0.315625 0.05859375 0.04296875
3 0.98125 0.425 0.03671875 0.0546875
3 0.9265625 0.540625 0.03828125 0.0359375
3 0.83984375 0.62421875 0.0703125 0.0453125