2 0.43828125 0.7328125 0.06484375 0.06796875
2 0.290625 0.21015625 0.08515625 0.078125
2 0.58515625 0.73046875 0.0390625 0.0453125
2 0.62109375 0.6015625 0.08046875 0.0640625
2 0.3828125 0.21796875 0.06875 0.06484375
2 0.3421875 0.26953125 0.0828125 0.075
2 0.3671875 0.64140625 0.0546875 0.05859375
2 0.19375 0.753125 0.084375 0.1109375
2 0.209375 0.2578125 0.06640625 0.059375
2 0.2953125 0.58515625 0.05625 0.0609375
2 0.43828125 0.8390625 0.06640625 0.0796875
2 0.43984375 0.93671875 0.07265625 0.08125
2 0.3296875 0.9390625 0.06171875 0.08671875
2 0.63984375 0.90546875 0.1046875 0.12265625
2 0.721875 0.7578125 0.0609375 0.084375
2 0.80390625 0.8703125 0.084375 0.146875
2 0.903125 0.9328125 0.0765625 0.13203125
2 0.2 0.14453125 0.0890625 0.06015625
2 0.4546875 0.359375 0.1328125 0.1484375
2 0.4453125 0.58359375 0.084375 0.0890625
2 0.58515625 0.5234375 0.10546875 0.0953125