1 0.9015625 0.83125 0.1890625 0.30625
1 0.5796875 0.21171875 0.4796875 0.42109375
1 0.24140625 0.20078125 0.221875 0.15078125
1 0.0359375 0.4359375 0.071875 0.0703125
1 0.15078125 0.48671875 0.16953125 0.1078125
1 0.2640625 0.5265625 0.0875 0.0640625
1 0.325 0.5515625 0.0921875 0.06875
1 0.396875 0.5703125 0.08671875 0.06484375
1 0.475 0.59296875 0.10703125 0.07890625
1 0.5359375 0.6171875 0.08515625 0.06796875
1 0.5890625 0.63359375 0.06328125 0.05859375
1 0.56796875 0.72578125 0.0875 0.090625
1 0.44296875 0.8296875 0.171875 0.1875
1 0.23046875 0.896875 0.25 0.12265625
1 0.05703125 0.91484375 0.1140625 0.1515625
1 0.025 0.784375 0.05 0.090625
1 0.0890625 0.59296875 0.11015625 0.06875
1 0.21484375 0.621875 0.11484375 0.14375
1 0.34921875 0.65 0.1421875 0.12734375
1 0.6203125 0.89296875 0.10078125 0.17421875
1 0.54609375 0.96484375 0.1859375 0.065625
1 0.9625 0.51171875 0.07421875 0.10703125
1 0.88671875 0.48671875 0.08828125 0.0875
1 0.09921875 0.14453125 0.0859375 0.0703125
1 0.0328125 0.12890625 0.06484375 0.06484375
1 0.03515625 0.2 0.0703125 0.06875
1 0.23359375 0.07421875 0.12578125 0.11171875
1 0.040625 0.03515625 0.08125 0.0703125